-0.0008140352
-0.0008134599
-0.0008126375
-0.0008118508
-0.0008115454
-0.0008119022
-0.0008158606
-0.0008267709
-0.0008450508
-0.0008726411
-0.0009089259
-0.000947823
-0.0009826721
-0.001011831
-0.001029155
-0.00102226
-0.0009928414
-0.0009580095
-0.0009220875
-0.0008775682
-0.00081323
-0.000741461
-0.0006494865
-0.0004988979
-0.000246989
6.902337e-05
0.0002952819
0.0003593301
0.0002272479
-3.946481e-05
-0.0002246099
-0.0002973165
-0.0003133293
-0.0002971896
-0.000270635
-0.0002414137
-0.0002065098
-0.0001679574
-0.000156467
-0.0002264381
-0.000426872
-0.0007870413
-0.001229471
-0.001571409
-0.001717529
-0.001748951
-0.001788802
-0.001904067
-0.002134531
-0.002561689
-0.00316893
-0.003847766
-0.004470446
-0.004991874
-0.005299633
-0.005337364
-0.005206435
-0.004935271
-0.004412229
-0.003574653
-0.002516599
-0.001468282
-0.0006698135
-7.172921e-06
0.0008987857
0.002392945
0.004175307
0.005197693
0.005238046
0.004665643
0.004276618
0.004850051
0.005618722
0.006032249
0.006171171
0.006208665
0.006271066
0.006420828
0.006714122
0.007057561
0.007044794
0.005968166
0.003785413
0.001735937
0.0003333696
-0.0005129367
-0.0008063729
-0.0007041961
-0.0005766035
-0.000480968
-0.00014702
0.000566998
0.001405746
0.002226528
0.003016287
0.003596078
0.003549698
0.002553285
0.0005782331
-0.002153074
-0.005006415
-0.007564298
-0.009442832
-0.01043185
-0.01025406
-0.008759424
-0.006559867
-0.003949823
-0.001297946
0.0005358565
0.0008583066
-0.0004309412
-0.002412541
-0.003906926
-0.00440506
-0.003874635
-0.002718557
-0.00144281
-0.0005074975
8.35941e-05
0.000489977
0.0003777961
-0.0006314607
-0.002386444
-0.004391497
-0.006504842
-0.00834529
-0.009570989
-0.01006774
-0.009453869
-0.007255141
-0.004092631
-0.0005461523
0.00317206
0.007203329
0.01111932
0.01315307
0.01346016
0.01320592
0.0130408
0.01307914
0.01319232
0.01327847
0.01330253
0.01327081
0.01322635
0.01326388
0.01348155
0.01373793
0.01343277
0.01161322
0.008385856
0.005515625
0.003011461
1.617989e-05
-0.003647888
-0.007676054
-0.01109421
-0.01317893
-0.01354852
-0.01224678
-0.01009421
-0.00793608
-0.006394658
-0.005852975
-0.006222256
-0.007344374
-0.008802244
-0.009922082
-0.01037798
-0.01008204
-0.008725163
-0.006232607
-0.003204881
-0.0004178027
0.001617085
0.002908813
0.003817782
0.004456221
0.005031425
0.006173413
0.007074098
0.006876416
0.005602434
0.003464486
0.0009148132
-0.001409992
-0.00312851
-0.004048148
-0.004303682
-0.00427918
-0.004165557
-0.003888283
-0.003456739
-0.003163972
-0.003103023
-0.003206856
-0.003346059
-0.00317552
-0.002180065
-9.74101e-05
0.00273455
0.005414264
0.007014317
0.007428888
0.007264067
0.006557208
0.005333977
0.00390185
0.002717272
0.001877783
0.001097406
0.0001835825
-0.0004102703
-0.0004106491
0.0002676851
0.001327986
0.00174087
0.0008112057
-0.001579534
-0.004905774
-0.008001713
-0.01001366
-0.01074574
-0.0105502
-0.009930593
-0.008643071
-0.006278488
-0.002894285
0.001440943
0.006735039
0.01149974
0.01366981
0.01385019
0.01363544
0.01365998
0.01343434
0.01186631
0.008956346
0.006577981
0.005515287
0.005412061
0.005620904
0.005590784
0.004985319
0.003566127
0.001033345
-0.002307508
-0.00543055
-0.008031697
-0.009980106
-0.01118192
-0.01149868
-0.01077687
-0.009102214
-0.006387717
-0.003297064
-0.0003826193
0.002398841
0.005301672
0.008315754
0.009692679
0.007507879
0.004055683
0.001389451
9.118502e-05
0.0002499917
0.001497585
0.003924685
0.007716786
0.01185802
0.01420258
0.01412733
0.01135359
0.006360253
0.001725731
-0.001453609
-0.00338072
-0.004333172
-0.004345487
-0.003569272
-0.002987987
-0.003384103
-0.005080635
-0.007657041
-0.01038684
-0.01270424
-0.01391879
-0.01368936
-0.0121476
-0.009692397
-0.006585472
-0.002902219
0.001638901
0.00690549
0.01172615
0.0141265
0.0140697
0.01206225
0.008750225
0.005792046
0.00350564
0.00123671
-0.001244362
-0.003239022
-0.004168149
-0.004754326
-0.00578547
-0.007019135
-0.007903175
-0.007956146
-0.007019484
-0.005294646
-0.003111082
-0.0006870613
0.001506836
0.002547098
0.002068855
0.0005281114
-0.001308762
-0.002307476
-0.001721054
1.259067e-05
0.002466976
0.005283035
0.00850174
0.0118312
0.01362289
0.01389353
0.01361278
0.01336357
0.01333553
0.01355523
0.01388771
0.01375959
0.01200988
0.008125384
0.003286356
-0.001965523
-0.007199752
-0.01192236
-0.0155403
-0.01757484
-0.01815283
-0.01769898
-0.01628995
-0.01412396
-0.01188787
-0.01000184
-0.008522078
-0.00740772
-0.006810048
-0.006478095
-0.00625175
-0.006014078
-0.004817102
-0.00278618
-0.0007484971
0.001034703
0.00228377
0.002874594
0.003405828
0.004231106
0.004867445
0.004991993
0.004373567
0.002914873
0.00124557
3.764328e-05
-0.0003009109
0.0007532379
0.002701751
0.004672229
0.006235382
0.007586395
0.009345287
0.01085606
0.01147941
0.01249459
0.01335171
0.01365255
0.0137586
0.01381515
0.01354965
0.01232134
0.01022922
0.008380962
0.006560473
0.004225
0.001540869
-0.0007612545
-0.002708774
-0.004809411
-0.006891157
-0.008634948
-0.009941904
-0.01100943
-0.01190831
-0.01233086
-0.01206758
-0.0115173
-0.01119699
-0.01150976
-0.01228678
-0.01303449
-0.01311046
-0.01262945
-0.01185384
-0.01095416
-0.009777189
-0.007816097
-0.004784141
-0.001000689
0.002570691
0.004964131
0.005905905
0.005655021
0.004883504
0.004628614
0.005697317
0.008420212
0.01185458
0.01373183
0.01393704
0.01366287
0.0137357
0.01410027
0.01374754
0.01114945
0.006453799
0.002443202
-0.0002213041
-0.002135621
-0.003888482
-0.005820201
-0.007897678
-0.009874499
-0.01133935
-0.01210503
-0.01250725
-0.01276015
-0.01303406
-0.01321887
-0.01296191
-0.01241325
-0.011914
-0.01192998
-0.01244473
-0.01285859
-0.01261434
-0.01119875
-0.008572367
-0.005142513
-0.0006958675
0.005079772
0.01082607
0.01383218
0.01482271
0.01581605
0.01715259
0.01819998
0.01869306
0.01902645
0.01940842
0.01940225
0.018655
0.0172782
0.01569846
0.01453116
0.01370688
0.01186952
0.008430676
0.004894872
0.001756562
-0.001308986
-0.004419979
-0.007411684
-0.01048092
-0.01384037
-0.0165733
-0.01772646
-0.01780385
-0.01764868
-0.01750838
-0.01705836
-0.01599041
-0.01447971
-0.01261016
-0.01059074
-0.008839517
-0.007787271
-0.007554964
-0.00796267
-0.008735909
-0.00929015
-0.009185977
-0.00844784
-0.007047748
-0.005182486
-0.003250536
-0.002029035
-0.001690134
-0.001682777
-0.001525572
-0.000879691
0.0005228084
0.002003085
0.003223908
0.00442448
0.00600242
0.008675569
0.0119811
0.01383842
0.01409591
0.01384399
0.01383553
0.01408727
0.01386452
0.01205438
0.008706938
0.005764262
0.003724203
0.002198873
0.0008559109
-0.0005824538
-0.002058486
-0.00350935
-0.004794975
-0.006047782
-0.007364225
-0.008571138
-0.009739805
-0.01099484
-0.01196519
-0.01190048
-0.01063434
-0.008211153
-0.005033488
-0.002028212
0.0003479319
0.002264328
0.00386415
0.005113004
0.006082504
0.006792307
0.007271639
0.007686299
0.008033846
0.00839272
0.008555316
0.007893269
0.006288159
0.004004414
0.001197495
-0.001989077
-0.005361049
-0.008638226
-0.01178204
-0.01466509
-0.01673022
-0.01754898
-0.01762517
-0.01752173
-0.01719146
-0.01623618
-0.0145663
-0.01253815
-0.0105084
-0.008610039
-0.006716748
-0.004421886
-0.00130313
0.00272097
0.007611263
0.01231981
0.01565724
0.01819651
0.02028386
0.02157763
0.02204361
0.02177201
0.02056913
0.01841034
0.01596097
0.01437214
0.01403235
0.01393772
0.01250005
0.009175441
0.005281395
0.001455012
-0.002635795
-0.007241499
-0.01149105
-0.01453621
-0.01621652
-0.01731742
-0.01987916
-0.02424712
-0.02736544
-0.02755978
-0.0251148
-0.02259112
-0.02252831
-0.02189297
-0.01943208
-0.01751753
-0.01694361
-0.01709804
-0.01733996
-0.01737088
-0.01711888
-0.01666624
-0.01614316
-0.0153458
-0.01414617
-0.01269408
-0.01137179
-0.01031941
-0.009608992
-0.009362157
-0.009566406
-0.01015299
-0.01099715
-0.01194385
-0.01246239
-0.01246324
-0.0121569
-0.01187214
-0.01198315
-0.01244423
-0.01332618
-0.0146336
-0.01607701
-0.01706579
-0.01738337
-0.01733493
-0.01723409
-0.01719609
-0.01721755
-0.01727177
-0.01731819
-0.01725777
-0.0169579
-0.01648035
-0.0162056
-0.01626972
-0.01659061
-0.01688682
-0.0168829
-0.01707995
-0.01866436
-0.02195592
-0.02543917
-0.0280939
-0.02979988
-0.03143872
-0.0335058
-0.03606123
-0.03858791
-0.04106075
-0.043699
-0.04608184
-0.04764783
-0.04838178
-0.04852792
-0.04844078
-0.04838876
-0.04845008
-0.04855192
-0.04837551
-0.04742413
-0.04531461
-0.04198079
-0.03753496
-0.03181488
-0.02475115
-0.01656269
-0.007692108
0.001860919
0.01198728
0.02173432
0.03177558
0.04174062
0.05010224
0.05842243
0.06739033
0.07623674
0.08450049
0.09217675
0.09936675
0.1056012
0.1100354
0.1138136
0.1175936
0.1211845
0.1244168
0.1275631
0.1309427
0.1345126
0.1377162
0.1392431
0.1393921
0.1392295
0.1393384
0.139654
0.1397107
0.1395875
0.1396172
0.1392557
0.1371162
0.132894
0.128597
0.1250152
0.1216842
0.1182812
0.1147712
0.1117063
0.1095681
0.1081582
0.1060264
0.102258
0.09818191
0.09460617
0.09119355
0.08718113
0.08243253
0.07643207
0.0686153
0.05900049
0.0477097
0.03437529
0.01950473
0.004359823
-0.01025672
-0.02395311
-0.03662656
-0.04830191
-0.05905052
-0.068978
-0.07818556
-0.08679204
-0.09521408
-0.1034713
-0.1115548
-0.1196447
-0.1275406
-0.1352895
-0.1423706
-0.1488413
-0.1548745
-0.1604403
-0.1653058
-0.1693113
-0.1722185
-0.1734359
-0.1735796
-0.1734795
-0.1731627
-0.1720107
-0.1695986
-0.1661092
-0.161991
-0.1577927
-0.1534238
-0.1484039
-0.1428012
-0.1369261
-0.1301835
-0.1217171
-0.1110673
-0.09788109
-0.08277038
-0.06722843
-0.05000709
-0.03024704
-0.006826233
0.01965257
0.04547687
0.06548293
0.07617687
0.07861213
0.07799752
0.07861103
0.08100701
0.08378384
0.08588922
0.08715859
0.08662052
0.08188305
0.07054814
0.05227234
0.0304756
0.009897834
-0.006563402
-0.01900022
-0.02889956
-0.03610515
-0.04050898
-0.04270336
-0.04308347
-0.04162903
-0.03829408
-0.03317148
-0.02660063
-0.0195806
-0.01415573
-0.009861794
-0.005821272
-0.002110302
0.0007445269
0.00283879
0.004402191
0.005344888
0.005682433
0.005588544
0.005045366
0.004092236
0.00307883
0.002076806
0.001269717
0.000670608
0.0005794586
0.00149212
0.003766465
0.007531865
0.01205051
0.01646356
0.0220657
0.02954854
0.03819311
0.04636708
0.05309632
0.05869652
0.06410073
0.06974148
0.0751686
0.07964548
0.08390327
0.08830772
0.09257172
0.09656876
0.1002721
0.1039527
0.1062357
0.103456
0.09332977
0.07491955
0.05048062
0.02618112
0.006979682
-0.005860154
-0.01314555
-0.01653641
-0.01871972
-0.02131626
-0.02288814
-0.02187084
-0.01900114
-0.0160964
-0.01305545
-0.00951493
-0.005538408
-0.001696912
0.001860527
0.005573931
0.009535077
0.01296499
0.01450036
0.01459473
0.01456656
0.01521316
0.01649211
0.0178055
0.018439
0.01827382
0.01736348
0.01573918
0.01319779
0.009650995
0.005908491
0.002126607
-0.001564801
-0.005266624
-0.008870847
-0.0121459
-0.01513702
-0.01822105
-0.02196826
-0.02576267
-0.02929237
-0.03274366
-0.03649815
-0.04047412
-0.04398787
-0.04630532
-0.04741088
-0.04810611
-0.05001149
-0.05352237
-0.05657135
-0.05820255
-0.05890519
-0.05924884
-0.05930167
-0.0585201
-0.05663387
-0.0534343
-0.04994261
-0.04819064
-0.04755155
-0.0458478
-0.04173306
-0.03527259
-0.02724811
-0.01944722
-0.01368522
-0.008703811
-0.00329322
0.002492415
0.008171342
0.01310234
0.01692315
0.02072209
0.0251504
0.02954608
0.0329668
0.03518528
0.0363735
0.03670315
0.03637865
0.03486883
0.03200867
0.02816218
0.02386832
0.01957162
0.01566598
0.01156729
0.006442938
0.001933936
-0.001474539
-0.004622025
-0.008042131
-0.01157809
-0.01495919
-0.01878573
-0.02383353
-0.02885604
-0.03297394
-0.03656769
-0.03980274
-0.04261252
-0.04509386
-0.04697345
-0.04797093
-0.04822557
-0.04815546
-0.04804244
-0.04796186
-0.04796462
-0.04815165
-0.04844072
-0.04818639
-0.04613771
-0.04165806
-0.03576861
-0.02971164
-0.02395713
-0.01900933
-0.0158839
-0.01355432
-0.01121174
-0.009030579
-0.007232105
-0.005928023
-0.004961932
-0.004297001
-0.003945996
-0.003731483
-0.003215317
-0.001733854
0.0006103331
0.00376771
0.007859945
0.0122364
0.01578271
0.01928836
0.02307012
0.02693064
0.03092156
0.03522031
0.03984397
0.04387198
0.04608901
0.04748609
0.04927555
0.05138
0.05348603
0.0554679
0.05729797
0.059027
0.06055406
0.06147426
0.06213028
0.06310069
0.06447932
0.06550375
0.06582479
0.06541961
0.06457429
0.06324167
0.06074425
0.05669953
0.05160941
0.04605919
0.04025173
0.03413743
0.02818901
0.02293845
0.01864359
0.01540781
0.01241473
0.008606394
0.005021479
0.002324745
0.0002152435
-0.001711592
-0.003953057
-0.006302263
-0.008228194
-0.009400424
-0.01036906
-0.01139122
-0.01217437
-0.01271861
-0.01299073
-0.01302383
-0.01274266
-0.01196613
-0.01073998
-0.009303884
-0.007992488
-0.00673719
-0.005397789
-0.004088155
-0.00276982
-0.001573866
-0.0009833137
-0.001091314
-0.00187954
-0.002997739
-0.00371354
-0.004169037
-0.004273858
-0.003499968
-0.001479469
0.001420118
0.004828679
0.008741057
0.01257035
0.01530055
0.01766898
0.02011008
0.02214765
0.02328912
0.02328067
0.02215842
0.0202448
0.01811574
0.01627434
0.01474208
0.01227331
0.008262693
0.004519957
0.001837324
-6.984265e-05
-0.002002838
-0.004551098
-0.007194709
-0.009473265
-0.0112934
-0.01308637
-0.01493007
-0.01633629
-0.01689926
-0.01692977
-0.01689033
-0.01687629
-0.01659673
-0.0156828
-0.01423365
-0.01265345
-0.01113172
-0.00986842
-0.008889
-0.008232871
-0.007964094
-0.007919428
-0.007978501
-0.008254661
-0.008887218
-0.009797353
-0.01095488
-0.01248501
-0.01415477
-0.01529686
-0.01590012
-0.01615975
-0.01661859
-0.01858709
-0.02242571
-0.02622806
-0.02891523
-0.03072721
-0.03195418
-0.03279421
-0.03359344
-0.03415419
-0.03392733
-0.03289993
-0.03157057
-0.02986041
-0.02720373
-0.02314322
-0.01881183
-0.01657476
-0.016351
-0.01679894
-0.01698551
-0.01644806
-0.01524951
-0.01396839
-0.01281646
-0.01161226
-0.0103039
-0.009097723
-0.00785825
-0.006293555
-0.004318461
-0.002096028
-0.0001858539
0.001864651
0.004776646
0.008647965
0.01251045
0.01497657
0.01687439
0.01927489
0.0221484
0.02492477
0.02706846
0.02856435
0.02958339
0.03008036
0.03038465
0.03075401
0.03099827
0.0310734
0.03105955
0.03098215
0.0307855
0.03047082
0.03008601
0.02922982
0.02773334
0.02625198
0.0248788
0.0232597
0.02130615
0.01915388
0.01709949
0.01563367
0.01500336
0.01447732
0.01239526
0.00835632
0.004450666
0.001717992
0.0001440297
-0.0005426596
-0.0006257085
-0.0008746068
-0.001867154
-0.003768994
-0.005977255
-0.008075006
-0.01011121
-0.01218469
-0.01419238
-0.01575056
-0.01682691
-0.01877742
-0.02223838
-0.02553726
-0.02790613
-0.02954511
-0.03065361
-0.03135704
-0.0315983
-0.03135809
-0.03064254
-0.02962323
-0.02839768
-0.02705451
-0.02569976
-0.02433069
-0.02340213
-0.02255781
-0.02068675
-0.01822432
-0.01790013
-0.02044808
-0.02371503
-0.02561501
-0.02607626
-0.02613236
-0.02632299
-0.02632289
-0.02594245
-0.02540968
-0.02484184
-0.02430399
-0.02341136
-0.02132526
-0.01849002
-0.01681088
-0.01650374
-0.01674429
-0.01698681
-0.01703482
-0.01676814
-0.01601922
-0.01476134
-0.01304255
-0.01110991
-0.009132609
-0.00706084
-0.004693493
-0.002053128
0.0006423509
0.003869841
0.008041411
0.01219139
0.01443072
0.01550592
0.01700037
0.01899794
0.02113132
0.0231968
0.02514268
0.02690263
0.02839586
0.02952091
0.03001987
0.03010359
0.03007623
0.02993474
0.02944098
0.02860723
0.02785117
0.02704725
0.02588818
0.02422433
0.02217305
0.01988308
0.0174791
0.01521005
0.01268121
0.009215601
0.005823329
0.003311848
0.001673842
0.0007770232
0.0002922662
-8.836032e-05
-0.0002860224
-0.0003273805
-0.000386738
-0.0005843972
-0.0007806609
-0.000682307
-0.0004361968
-1.935138e-05
0.0006531185
0.001279896
0.001624115
0.001960236
0.002563617
0.003252539
0.003923821
0.004907174
0.006481331
0.009191401
0.01252714
0.01441768
0.0146839
0.01434371
0.01412781
0.01431576
0.01468866
0.01450872
0.01260698
0.008880977
0.005274249
0.002778258
0.001347383
0.0003256575
-0.0007527656
-0.00188434
-0.003131378
-0.004049526
-0.004358842
-0.004324611
-0.004297474
-0.004466457
-0.004717856
-0.004821298
-0.004858199
-0.00463937
-0.004103021
-0.003077935
-0.001661892
-0.0001876567
0.00138317
0.003264325
0.005850095
0.009361498
0.01277468
0.01442507
0.01462398
0.01457272
0.01485738
0.01536978
0.01595799
0.01651714
0.0171486
0.01781581
0.01860296
0.01981804
0.02134599
0.02301405
0.02446046
0.02559166
0.02679814
0.02794538
0.02870169
0.02883664
0.02842114
0.02751343
0.02577064
0.02327403
0.02040123
0.01714929
0.01311209
0.008495278
0.004525973
0.001311988
-0.00178597
-0.005013186
-0.007998102
-0.01054512
-0.01273579
-0.01450763
-0.0159344
-0.01680963
-0.01707668
-0.01708758
-0.01712978
-0.01713907
-0.01665079
-0.01523707
-0.01305704
-0.01050719
-0.00792992
-0.00542893
-0.003239872
-0.001567678
-0.0004593603
0.0003388504
0.001312202
0.002674525
0.003925582
0.004959697
0.005743041
0.006501503
0.007165441
0.007406408
0.007156456
0.006543481
0.005846504
0.00492514
0.003231227
0.0009078199
-0.001401116
-0.003476457
-0.005413709
-0.007289209
-0.009038002
-0.01059784
-0.01197516
-0.01292666
-0.0134948
-0.01399122
-0.0144155
-0.01461692
-0.01442194
-0.01415737
-0.0140775
-0.01427914
-0.01476561
-0.01542014
-0.01624451
-0.01691033
-0.01701943
-0.01677695
-0.01695685
-0.01861311
-0.02175021
-0.02453171
-0.02620256
-0.027345
-0.02833457
-0.02890453
-0.02885447
-0.02792233
-0.02579857
-0.02236503
-0.0180961
-0.01388162
-0.009571031
-0.005044698
-0.0007460863
0.003450765
0.007985535
0.0122407
0.01436186
0.01460661
0.01424286
0.01397675
0.01398501
0.01421099
0.01446901
0.01427724
0.01286573
0.01019599
0.007693182
0.005879563
0.004200164
0.002387429
0.0006025234
-0.0009022691
-0.002346739
-0.004292245
-0.006350379
-0.007847792
-0.008647163
-0.009369271
-0.01048477
-0.01192864
-0.01326956
-0.01430776
-0.01498865
-0.01528834
-0.0153297
-0.01503248
-0.01408787
-0.01242082
-0.01020845
-0.00762821
-0.004843497
-0.002000551
0.0004636148
0.002649991
0.004910118
0.007361354
0.01019481
0.0129004
0.01424816
0.01440901
0.01419196
0.01401743
0.01396343
0.0140136
0.01421336
0.01446145
0.0142371
0.01260473
0.009468434
0.006404974
0.003937322
0.001607727
-0.0009876228
-0.004092029
-0.007367066
-0.01051939
-0.01329159
-0.01531694
-0.01645796
-0.01714429
-0.01873304
-0.02176353
-0.02481749
-0.02726424
-0.02933606
-0.03101133
-0.03211703
-0.03317671
-0.03443106
-0.03547528
-0.03616817
-0.03660998
-0.03654624
-0.0358147
-0.03458956
-0.03310727
-0.03150348
-0.02950889
-0.02688836
-0.023204
-0.01917977
-0.01702567
-0.0167255
-0.0170527
-0.01728108
-0.01727358
-0.01719047
-0.0171684
-0.01723037
-0.01724799
-0.01698115
-0.01627229
-0.0153147
-0.01431904
-0.01329535
-0.01207709
-0.01061488
-0.009112792
-0.007704288
-0.006520837
-0.005373331
-0.003941418
-0.002409837
-0.001350593
-0.0005037702
0.0006048973
0.002124281
0.003941776
0.006094271
0.008969294
0.01217884
0.01404286
0.01487708
0.01593148
0.0174433
0.01933107
0.02164243
0.02407423
0.02627412
0.02800926
0.02951257
0.03095729
0.03233262
0.0333408
0.03395871
0.03441656
0.03458189
0.03431024
0.03363201
0.03288918
0.03226712
0.03157584
0.0307945
0.02996274
0.02880995
0.02706928
0.02527888
0.02359567
0.02143072
0.01860695
0.01597877
0.0145329
0.01401916
0.01396729
0.01403352
0.01405294
0.0140334
0.0140127
0.01400843
0.01401321
0.01401746
0.01401765
0.01401572
0.01401463
0.01401458
0.01401452
0.01401191
0.01400837
0.01400766
0.01401651
0.0140295
0.01402848
0.01398858
0.01393067
0.01394175
0.01412849
0.01436885
0.01410314
0.01244233
0.009522832
0.007204527
0.00611887
0.005723315
0.005439771
0.005241112
0.005224753
0.005457522
0.005950854
0.006602034
0.007749971
0.01001111
0.01267668
0.01411797
0.01432161
0.01409641
0.01393543
0.01392984
0.0139826
0.01401556
0.01401486
0.01400182
0.01399365
0.01399318
0.01399595
0.01399793
0.0139986
0.01399732
0.0139943
0.01398997
0.01399028
0.01400009
0.01401615
0.01401321
0.01396528
0.01389582
0.01394643
0.01432367
0.01500862
0.01544392
0.01523767
0.01473562
0.01435138
0.0142489
0.01390031
0.01242334
0.0100971
0.008597036
0.007852872
0.007313004
0.006835534
0.006436331
0.006454564
0.006831389
0.007106037
0.007170592
0.00721811
0.0074232
0.007642559
0.007499126
0.007008669
0.006177359
0.005168098
0.004237254
0.0035439
0.002953193
0.002019776
0.000728779
-0.0005764097
-0.001966845
-0.003624458
-0.005277689
-0.006579184
-0.00757921
-0.008467791
-0.009377017
-0.01040553
-0.01165896
-0.01307393
-0.01434702
-0.01542352
-0.01635424
-0.01702975
-0.01733498
-0.01739693
-0.01733455
-0.01712635
-0.01689199
-0.01716376
-0.01881902
-0.02174006
-0.02410544
-0.0253277
-0.02589496
-0.02638271
-0.02723731
-0.02813748
-0.02858549
-0.02885544
-0.02901427
-0.02901997
-0.02879452
-0.02827661
-0.0275224
-0.02649884
-0.02534574
-0.02374159
-0.02124005
-0.0185328
-0.01711518
-0.01694554
-0.01721063
-0.01739483
-0.01730909
-0.01694688
-0.01653163
-0.01653317
-0.01692891
-0.01724572
-0.01733095
-0.01729663
-0.017254
-0.0172432
-0.01725198
-0.01726099
-0.01726227
-0.01725893
-0.01725701
-0.01725942
-0.01726398
-0.01726231
-0.01724877
-0.01723183
-0.01724452
-0.01730636
-0.01734671
-0.01711871
-0.01635839
-0.01508312
-0.01358271
-0.01233853
-0.01153756
-0.01104611
-0.01062582
-0.01028796
-0.01000572
-0.009599214
-0.008716049
-0.007808622
-0.007221891
-0.006742855
-0.006103017
-0.005084187
-0.003808671
-0.002405389
-0.001353243
-0.0005071731
0.0003272115
0.001035585
0.001569892
0.002075799
0.002565163
0.003016968
0.00325746
0.003316331
0.003332302
0.003289779
0.003017381
0.002390029
0.001611484
0.0007711683
-0.0001825159
-0.0009509778
-0.00146283
-0.0016446
-0.001593379
-0.001550439
-0.001712229
-0.00215794
-0.002491301
-0.002167433
-0.001726071
-0.001547714
-0.001553769
-0.00160328
-0.001618765
-0.001613547
-0.001629606
-0.001666408
-0.001637213
-0.001375366
-0.0008736487
-0.0003905737
-0.0001110008
-0.0001003737
-0.0001149993
-0.0001475753
-0.0001518018
-0.0003302665
-0.0006856831
-0.001318672
-0.002422771
-0.00396883
-0.005203639
-0.005947232
-0.006619022
-0.007179802
-0.00729716
-0.006965773
-0.00633167
-0.005182485
-0.0035811
-0.002142071
-0.001238239
-0.0005037794
0.0002831794
0.001027709
0.001704456
0.002435232
0.002958029
0.002974164
0.00287414
0.003327264
0.004197849
0.004936818
0.005371068
0.00600896
0.007455502
0.009995745
0.01276891
0.01420796
0.01436611
0.01408612
0.01389482
0.01395957
0.01421492
0.01437845
0.01388869
0.01223235
0.0101575
0.009790915
0.01022868
0.009086164
0.007600898
0.006640873
0.006041034
0.006033168
0.006647961
0.007168821
0.007328838
0.007317899
0.007258619
0.007155904
0.007028474
0.007195972
0.008180761
0.01026094
0.01277177
0.01415995
0.01436351
0.01415642
0.0140086
0.01400414
0.01403932
0.01404369
0.01404409
0.01410848
0.01423564
0.01420957
0.0136911
0.01252994
0.01174797
0.01249078
0.01241996
0.01054979
0.008695808
0.007681334
0.007074232
0.006573146
0.006065708
0.005321964
0.004370068
0.003353601
0.002337282
0.001339296
0.000404442
-0.0003510186
-0.0008952104
-0.001329421
-0.001545347
-0.001574722
-0.001546652
-0.001526023
-0.001525419
-0.001531491
-0.001535874
-0.001534623
-0.001528844
-0.001520878
-0.001520302
-0.001537599
-0.001562158
-0.001529296
-0.001316302
-0.0008881721
-0.0003456679
0.0004331282
0.001401938
0.002381225
0.003199258
0.003890771
0.004635753
0.005513679
0.007071427
0.00964315
0.01259956
0.01422521
0.01446444
0.01422398
0.01404611
0.01404132
0.01409949
0.01413809
0.01413824
0.01412605
0.01411799
0.01411958
0.0141235
0.01412721
0.01412822
0.01412905
0.01412857
0.01412843
0.01412849
0.01413317
0.0141406
0.01414447
0.01412864
0.01410175
0.01412336
0.01433051
0.01477433
0.01536693
0.01616615
0.01700338
0.01756709
0.01793196
0.01848726
0.01897347
0.01938521
0.01981989
0.02001316
0.01983492
0.01938062
0.01883977
0.01810209
0.01713867
0.01603595
0.01497278
0.01428662
0.01424577
0.01452323
0.01423972
0.0123191
0.009023675
0.006625366
0.005677595
0.005248461
0.004810813
0.004193554
0.003195753
0.002051898
0.001176731
0.0003973107
-0.0003996789
-0.001142304
-0.001946151
-0.003070913
-0.004335066
-0.005673732
-0.007046605
-0.008203679
-0.009235638
-0.01049341
-0.01214473
-0.01385225
-0.01522205
-0.01622865
-0.01687026
-0.01709993
-0.01708638
-0.01702848
-0.01701607
-0.01706858
-0.01713479
-0.01710818
-0.01688775
-0.01664624
-0.01701602
-0.0189009
-0.02192543
-0.02390259
-0.02456029
-0.02474979
-0.02477447
-0.02476438
-0.02481955
-0.02507406
-0.02553756
-0.02603838
-0.02655216
-0.02704217
-0.02755898
-0.02803522
-0.02844211
-0.02870342
-0.029045
-0.0296862
-0.03036682
-0.0308
-0.03107354
-0.03115124
-0.03074795
-0.03008935
-0.02939916
-0.02846452
-0.02729531
-0.02601444
-0.02415656
-0.0213218
-0.01841581
-0.01666201
-0.01550398
-0.01410164
-0.01247507
-0.01088763
-0.009368999
-0.007958129
-0.0065767
-0.0052104
-0.003673491
-0.002134912
-0.00126135
-0.0009127319
-0.0007196229
-0.0006879825
-0.0005158037
7.390182e-05
0.0005286186
0.0006446466
0.0006664473
0.0008549646
0.001223719
0.001531343
0.00189544
0.002517407
0.003216606
0.003843892
0.00454586
0.005222625
0.005754095
0.006259006
0.006747299
0.007223993
0.007507793
0.007545026
0.007290644
0.006642485
0.005631544
0.004197647
0.002334446
0.0005573152
-0.0006828629
-0.001990834
-0.003657537
-0.005140526
-0.006337225
-0.007495473
-0.008608145
-0.009438474
-0.01014434
-0.01076245
-0.01131278
-0.01206814
-0.01302456
-0.0139716
-0.01471636
-0.015302
-0.01599372
-0.01666921
-0.01703115
-0.01704932
-0.01669839
-0.01596211
-0.01507807
-0.01426863
-0.0134049
-0.01224104
-0.01111331
-0.01032287
-0.009762625
-0.009057258
-0.008179671
-0.007388262
-0.006807659
-0.006348789
-0.006110099
-0.006108592
-0.006348519
-0.006817714
-0.007393388
-0.008123855
-0.008839758
-0.009368929
-0.009788672
-0.01008542
-0.01041914
-0.0107755
-0.01074849
-0.01025922
-0.009680484
-0.008966472
-0.007702539
-0.006330473
-0.005015185
-0.003522942
-0.002068069
-0.001284727
-0.0008580347
-8.905544e-05
0.001040033
0.002225941
0.003497722
0.004605579
0.005450732
0.006344532
0.007856636
0.01038551
0.01312758
0.01451924
0.01462941
0.01440977
0.01457708
0.0153162
0.01621407
0.0168205
0.01725437
0.0180458
0.01889483
0.0195554
0.02029238
0.02119865
0.0221942
0.02320055
0.02418237
0.02514285
0.02610509
0.02710396
0.02814281
0.02913181
0.02984265
0.03010447
0.03007686
0.03001391
0.03006499
0.03027887
0.03047127
0.03039064
0.03023471
0.02997714
0.02927967
0.02827234
0.02759872
0.02696589
0.02619254
0.0254973
0.0249293
0.02421064
0.02325969
0.02220425
0.02122831
0.02055213
0.02023535
0.01997355
0.01960166
0.01935482
0.01928773
0.01928823
0.01930134
0.01936085
0.01955999
0.01981113
0.01991641
0.01991904
0.01958661
0.01889396
0.01798036
0.01716766
0.01632183
0.01538166
0.01462801
0.014347
0.01450023
0.01476716
0.01458225
0.01318314
0.01068533
0.008651219
0.007653295
0.00721549
0.006711636
0.00605932
0.005391352
0.00464492
0.004031359
0.003732625
0.003462572
0.002892273
0.002103669
0.001164929
7.74193e-05
-0.0006980183
-0.001132154
-0.001982696
-0.003660557
-0.005394868
-0.00669497
-0.007836111
-0.008702583
-0.009237088
-0.009638694
-0.009936134
-0.01027514
-0.01062967
-0.01060367
-0.01021532
-0.00991991
-0.009864751
-0.009906921
-0.009870418
-0.009656217
-0.009439578
-0.009530962
-0.009800305
-0.01025247
-0.01090232
-0.0113047
-0.01118637
-0.01095741
-0.01086623
-0.01081024
-0.0105974
-0.01022092
-0.009921969
-0.009606939
-0.009124612
-0.008612588
-0.008213951
-0.008156581
-0.008253746
-0.00816968
-0.008239572
-0.008618093
-0.009038887
-0.009367688
-0.009697486
-0.01033531
-0.01099448
-0.0115731
-0.01214171
-0.01283971
-0.01347256
-0.01379446
-0.01402532
-0.0144235
-0.01499356
-0.01576012
-0.01644726
-0.01674689
-0.01676002
-0.01670152
-0.01667573
-0.01667733
-0.01667112
-0.01665205
-0.01666609
-0.01675181
-0.01682008
-0.01654016
-0.01552328
-0.01383364
-0.01204173
-0.01063146
-0.00966884
-0.009164537
-0.009096851
-0.008979874
-0.008424256
-0.007962477
-0.007818962
-0.007790922
-0.007662721
-0.007463404
-0.007341672
-0.007109535
-0.00691999
-0.006868791
-0.006884871
-0.00690115
-0.006881076
-0.006849425
-0.006890587
-0.007127822
-0.007532731
-0.007874295
-0.008213516
-0.008597947
-0.008776329
-0.008779933
-0.008892952
-0.009373737
-0.0099987
-0.01012083
-0.009870336
-0.009519945
-0.009315844
-0.009497899
-0.009763228
-0.009897808
-0.009865932
-0.009587821
-0.009074378
-0.008531534
-0.008073544
-0.007866052
-0.007792868
-0.007580034
-0.007188014
-0.006857335
-0.006555002
-0.006198809
-0.005915515
-0.005545519
-0.004937963
-0.004343199
-0.003886069
-0.003122239
-0.001891057
-0.0007692834
0.000322606
0.001460671
0.002451841
0.003372849
0.004135846
0.004961772
0.005880761
0.006597905
0.006887146
0.006890562
0.00684864
0.006847229
0.00682433
0.006622257
0.006197121
0.005655399
0.004896833
0.003947079
0.00293017
0.001917463
0.0009636189
9.073584e-05
-0.0007343336
-0.001753948
-0.003080017
-0.004184686
-0.005055911
-0.005665462
-0.005822842
-0.005638193
-0.005459148
-0.005555596
-0.005535287
-0.005221675
-0.004883095
-0.004539605
-0.004164967
-0.003933436
-0.003685653
-0.0031697
-0.002370575
-0.001442888
-0.0009217158
-0.0008418387
-0.0009171883
-0.0009722511
-0.0009664406
-0.0009402156
-0.0009344186
-0.0009683563
-0.001002458
-0.0009375424
-0.0006528505
-0.0002369318
-2.015229e-05
2.795808e-05
0.0002625113
0.0009399498
0.001922338
0.00297016
0.003997859
0.005072061
0.006318576
0.007891781
0.01030101
0.01316336
0.01477435
0.01503513
0.0148091
0.01463301
0.01462299
0.01467779
0.01471553
0.01471674
0.01470557
0.0146983
0.01469935
0.01470073
0.01470079
0.01470143
0.01471087
0.01472425
0.01472449
0.01468675
0.01463176
0.01464471
0.01482975
0.01506545
0.01479985
0.01315665
0.0102636
0.007920139
0.006631037
0.005809812
0.004964965
0.003960592
0.002978174
0.002301415
0.002005031
0.001690242
0.001052826
0.0003790163
4.433538e-05
-1.884265e-05
-1.031611e-05
5.095031e-05
0.0003488033
0.0009926454
0.001720498
0.002348087
0.003023699
0.003685374
0.004275441
0.004974971
0.0056866
0.006255123
0.006713278
0.006943871
0.006993913
0.006966276
0.006865272
0.006656508
0.006498682
0.006634797
0.006818487
0.006955928
0.007224414
0.007641987
0.007925503
0.007989009
0.007898047
0.007677425
0.007460225
0.007383301
0.007201148
0.006967207
0.006662442
0.006262087
0.005957944
0.005659346
0.005276084
0.004978664
0.004699596
0.004354969
0.004058408
0.003643553
0.003008158
0.002592771
0.002716706
0.002999149
0.003135599
0.003054393
0.002747174
0.002393383
0.002341031
0.002409656
0.002136018
0.001761659
0.001492508
0.0009877546
0.0004393405
0.0003007921
0.0004764011
0.0006625177
0.0009391133
0.001076601
0.0008825957
0.0004536664
7.802736e-06
-0.0005575681
-0.001459631
-0.002806241
-0.003936734
-0.004371723
-0.004629261
-0.004996658
-0.005452726
-0.005729589
-0.005788133
-0.005761988
-0.005731619
-0.005704113
-0.005673865
-0.005701031
-0.005934133
-0.006415877
-0.006967394
-0.007486595
-0.007752875
-0.007715769
-0.00741618
-0.006990966
-0.006735015
-0.006588321
-0.006343116
-0.006083823
-0.006218098
-0.006533275
-0.006503814
-0.006524647
-0.006630423
-0.006710244
-0.006752065
-0.006692171
-0.006435194
-0.006022224
-0.005704309
-0.005414567
-0.005045638
-0.00472823
-0.004378879
-0.003981311
-0.003827431
-0.003877441
-0.003738003
-0.002945402
-0.001660702
-0.0008549647
-0.0006365455
-0.0005038763
-0.0002083147
0.0001039187
0.0004816757
0.0009444732
0.001167549
0.0009728212
0.0004506198
-0.0001229044
-0.0006156024
-0.0008461994
-0.0008621822
-0.0008220703
-0.0007999769
-0.0008034859
-0.0008122553
-0.0008160724
-0.0008138019
-0.0008108281
-0.000809391
-0.000810886
-0.0008123993
-0.000811284
-0.0008040037
-0.0007965116
-0.0008015098
-0.000832009
-0.0008599222
-0.0007989897
-0.0005307204
-0.0001247158
0.0001226971
0.0002411463
0.0004773624
0.0008465823
0.001074304
0.001189215
0.001457115
0.001896354
0.002139116
0.001970889
0.001481716
0.0009188199
0.0003458197
-0.0001465656
-0.0005078242
-0.0006480441
-0.000845187
-0.001610773
-0.002842572
-0.003656892
-0.004003874
-0.00434804
-0.004584076
-0.004240419
-0.003799068
-0.003613231
-0.003669064
-0.003959725
-0.00438638
-0.004719152
-0.005038804
-0.005413958
-0.005617615
-0.005689644
-0.005897959
-0.006361653
-0.00691452
-0.007432102
-0.007678377
-0.007628465
-0.007399955
-0.007210398
-0.007266585
-0.007253313
-0.007211481
-0.007488221
-0.007839051
-0.007809911
-0.007237078
-0.006743172
-0.006524555
-0.006307332
-0.00599262
-0.005754924
-0.005445684
-0.004755647
-0.003710283
-0.002473973
-0.001337781
-0.0005359023
0.0002993419
0.001422723
0.002591563
0.003398235
0.003946616
0.0044103
0.004870203
0.005107994
0.004972171
0.004486845
0.003764105
0.002782107
0.001980107
0.001881304
0.002026759
0.001905666
0.0015248
0.001246409
0.001104194
0.000866203
0.0005012936
0.0002735765
0.0001580977
-9.114091e-05
-0.0005016188
-0.0007690778
-0.0008203354
-0.0007769237
-0.0007486263
-0.000785416
-0.0008524914
-0.0008073
-0.0004549845
0.0001934354
0.0006574774
0.0006969883
0.0007103937
0.0009751784
0.001634988
0.002138173
0.002264166
0.002190986
0.00210277
0.00214554
0.002419599
0.002841142
0.00310983
0.00324581
0.003433895
0.003589371
0.003441572
0.003170497
0.00285018
0.002490249
0.002235309
0.001864336
0.001129067
0.0002669841
-0.0003420377
-0.0007382986
-0.001624328
-0.003345286
-0.005030992
-0.006078889
-0.00680988
-0.007362348
-0.00761054
-0.007635736
-0.007596081
-0.007580045
-0.007612972
-0.007654851
-0.00760407
-0.007327554
-0.00688832
-0.006615707
-0.006568497
-0.006605576
-0.006624752
-0.006599443
-0.006587741
-0.006672451
-0.006899282
-0.007061638
-0.006861726
-0.006511285
-0.006215453
-0.005858639
-0.004973579
-0.002924484
-0.001589857
-0.0003130012
0.0007932772
0.001972142
0.003117524
0.004247217
0.005578919
0.007101326
0.008365361
0.009053269
0.009200079
0.009410112
0.01029663
0.01193465
0.01325861
0.01271518
0.01165133
0.01112077
0.01095103
0.01087629
0.01075068
0.01033809
0.01006357
0.01039406
0.01113211
0.0126164
0.01469071
0.01591982
0.01610029
0.01587235
0.01566092
0.01557273
0.01553316
0.0154792
0.01539461
0.0153005
0.01520513
0.01510073
0.01496835
0.0148302
0.01476879
0.01490625
0.01518461
0.01531431
0.01527806
0.01524674
0.01523915
0.01523585
0.01554302
0.01596278
0.01609739
0.01595637
0.01571058
0.01547043
0.01526779
0.01510565
0.01496128
0.01473824
0.01425257
0.01342196
0.01251696
0.01176854
0.01116433
0.01078544
0.01055546
0.01032586
0.01007306
0.009886075
0.009869727
0.009853829
0.009240689
0.007213054
0.004230519
0.002322121
0.001456476
0.0007976553
-6.434114e-05
-0.001260436
-0.002640729
-0.003861317
-0.004786942
-0.005369799
-0.005615086
-0.005768024
-0.00608232
-0.006446698
-0.006653988
-0.007103273
-0.007654856
-0.008093822
-0.008275171
-0.008316799
-0.008508297
-0.008975728
-0.00954036
-0.01009952
-0.01077705
-0.01132444
-0.01141105
-0.01140354
-0.01153721
-0.01162924
-0.01166142
-0.0117751
-0.01197377
-0.0120525
-0.01201823
-0.01204954
-0.0122257
-0.01248593
-0.01289834
-0.01343514
-0.01399192
-0.01448063
-0.01480953
-0.01497153
-0.01504807
-0.01497189
-0.01476692
-0.01452071
-0.01427685
-0.01404404
-0.01381351
-0.01357886
-0.01333682
-0.01308956
-0.01284334
-0.01260793
-0.01237929
-0.01211898
-0.01174449
-0.01122427
-0.01062425
-0.009935529
-0.009311433
-0.008924666
-0.008720482
-0.008562456
-0.008343545
-0.007977665
-0.007489091
-0.007030293
-0.006676901
-0.006424472
-0.006131175
-0.005899139
-0.005803627
-0.005693728
-0.005375156
-0.00496537
-0.004666294
-0.004580867
-0.004498338
-0.004240752
-0.003833276
-0.003408821
-0.002990389
-0.002563849
-0.002073665
-0.001623388
-0.001353451
-0.001225016
-0.00113557
-0.00100405
-0.0007704653
-0.0004483681
-0.0001293523
0.0001795919
0.0004895862
0.0008631332
0.001266254
0.001628268
0.001991303
0.002445947
0.00288441
0.003229736
0.00348956
0.003725043
0.00396566
0.004065488
0.004019224
0.003923431
0.003855201
0.003859719
0.003913664
0.003935637
0.003942324
0.003956876
0.0039283
0.003872993
0.003833385
0.003771028
0.003593309
0.003342838
0.003053661
0.002692861
0.002326961
0.002043322
0.00190485
0.001836199
0.001765941
0.001722048
0.001709405
0.001707272
0.001704987
0.001710114
0.001745154
0.001811056
0.001877891
0.001941219
0.001991814
0.002027382
0.00202539
0.001990408
0.001946239
0.001912189
0.001905578
0.001922373
0.001936746
0.001942452
0.001937777
0.001937367
0.00194956
0.001970614
0.00196818
0.001943753
0.00190693
0.001864693
0.001807898
0.001737385
0.001659002
0.001571861
0.001481389
0.001402177
0.001328512
0.001252067
0.001177844
0.001106108
0.001040461
0.0009818356
0.0009365288
0.0009023315
0.0008718159
0.0008390847
0.0007995421
0.0007553705
0.0007162314
0.0006871159
0.0006674273
0.0006445533
0.0006157045
0.0005897296
0.0005689592
0.0005508332
0.0005330541
0.0005153015
0.0004988244
0.0004851342
0.0004731048
0.0004589824
0.0004427233
0.000426143
0.0004100061
0.0003940981
0.0003781333
0.0003632749
0.000350921
0.0003391751
0.0003267524
0.0003134772
0.0002998044
0.0002867427
0.0002748863
0.0002646895
0.0002548801
0.0002453246
0.0002364829
0.0002283168
0.0002207986
0.0002135084
0.0002060506
0.0001986279
0.0001918087
0.0001855121
0.0001792217
0.0001726241
0.000166065
0.0001597943
0.0001537376
0.0001477821
0.000141885
0.0001360588
0.000130326
0.0001247032
0.0001191988
0.0001138195
0.0001085697
0.0001034554
9.848395e-05
9.365982e-05
8.89905e-05
8.448154e-05
8.013548e-05
7.595329e-05
7.193524e-05
0.0
0.0
0.0
0.0
0.0
0.0
0.0
0.0
0.0
0.0
0.0
0.0
0.0
0.0
0.0
0.0
0.0
0.0
0.0
0.0
0.0
0.0
0.0
0.0
0.0
0.0
0.0
0.0
0.0
0.0
0.0
0.0
0.0
0.0
0.0
0.0
0.0
0.0
0.0
0.0
0.0
0.0
0.0
0.0
0.0
0.0
0.0
0.0
0.0
0.0
0.0
0.0
0.0
0.0
0.0
0.0
0.0
0.0
0.0
0.0
0.0
0.0
0.0
0.0
0.0
0.0
0.0
0.0
0.0
0.0
0.0
0.0
0.0
0.0
0.0
0.0
0.0
0.0
0.0
0.0
0.0
0.0
0.0
0.0
0.0
0.0
0.0
0.0
0.0
0.0
0.0
0.0
0.0
0.0
0.0
0.0
0.0
0.0
0.0
0.0
0.0
0.0
0.0
0.0
0.0
0.0
0.0
0.0
0.0
0.0
0.0
0.0
0.0
0.0
0.0
0.0
0.0
0.0
0.0
0.0
0.0
0.0
0.0
0.0
0.0
0.0
0.0
0.0
0.0
0.0
0.0
0.0
0.0
0.0
0.0
0.0
0.0
0.0
0.0
0.0
0.0
0.0
0.0
0.0
0.0
0.0
0.0
0.0
0.0
0.0
0.0
0.0
0.0
0.0
0.0
0.0
0.0
0.0
0.0
0.0
0.0
0.0
0.0
0.0
0.0
0.0
0.0
0.0
0.0
0.0
0.0
0.0
0.0
0.0
0.0
0.0
0.0
0.0
0.0
0.0
0.0
0.0
0.0
0.0
0.0
0.0
0.0
0.0
0.0
0.0
0.0
0.0
0.0
0.0
0.0
0.0
0.0
0.0
0.0
0.0
0.0
0.0
0.0
0.0
0.0
0.0
0.0
0.0
0.0
0.0
0.0
0.0
0.0
0.0
0.0
0.0
0.0
0.0
0.0
0.0
0.0
0.0
0.0
0.0
0.0
0.0
0.0
0.0
0.0
0.0
0.0
0.0
0.0
0.0
0.0
0.0
0.0
0.0
0.0
0.0
0.0
0.0
0.0
0.0
0.0
0.0
0.0
0.0
0.0
0.0
0.0
0.0
0.0
0.0
0.0
0.0
0.0
0.0
0.0
0.0
0.0
0.0
0.0
0.0
0.0
0.0
0.0
0.0
0.0
0.0
0.0
0.0
0.0
0.0
0.0
0.0
0.0
0.0
0.0
0.0
0.0
0.0
0.0
0.0
0.0
0.0
0.0
0.0
0.0
0.0
0.0
0.0
0.0
0.0
0.0
0.0
0.0
0.0
0.0
0.0
0.0
0.0
0.0
0.0
0.0
0.0
0.0
0.0
0.0
0.0
0.0
0.0
0.0
0.0
0.0
0.0
0.0
0.0
0.0
0.0
0.0
0.0
0.0
0.0
0.0
0.0
0.0
0.0
0.0
0.0
0.0
0.0
0.0
0.0
0.0
0.0
0.0
0.0
0.0
0.0
0.0
0.0
0.0
0.0
0.0
0.0
0.0
0.0
0.0
0.0
0.0
0.0
0.0
0.0
0.0
0.0
0.0
0.0
0.0
0.0
0.0
0.0
0.0
0.0
0.0
0.0
0.0
0.0
0.0
0.0
0.0
0.0
0.0
0.0
0.0
0.0
0.0
0.0
0.0
0.0
0.0
0.0
0.0
0.0
0.0
0.0
0.0
0.0
0.0
0.0
0.0
0.0
0.0
0.0
0.0
0.0
0.0
0.0
0.0
0.0
0.0
0.0
0.0
0.0
0.0
0.0
0.0
0.0
0.0
0.0
0.0
0.0
0.0
0.0
0.0
0.0
0.0
0.0
0.0
0.0
0.0
0.0
0.0
0.0
0.0
0.0
0.0
0.0
0.0
0.0
0.0
0.0
0.0
0.0
0.0
0.0
0.0
0.0
0.0
0.0
0.0
0.0
0.0
0.0
0.0
0.0
0.0
0.0
0.0
0.0
0.0
0.0
0.0
0.0
0.0
0.0
0.0
0.0
0.0
0.0
0.0
0.0
0.0
0.0
0.0
0.0
0.0
0.0
0.0
0.0
0.0
0.0
0.0
0.0
0.0
0.0
0.0
0.0
0.0
0.0
0.0
0.0
0.0
0.0
0.0
0.0
0.0
0.0
0.0
0.0
0.0
0.0
0.0
0.0
0.0
0.0
0.0
0.0
0.0
0.0
0.0
0.0
0.0
0.0
0.0
0.0
0.0
0.0
0.0
0.0
0.0
0.0
0.0
0.0
0.0
0.0
0.0
0.0
0.0
0.0
0.0
0.0
0.0
0.0
0.0
0.0
0.0
0.0
0.0
0.0
0.0
0.0
0.0
0.0
0.0
0.0
0.0
0.0
0.0
0.0
0.0
0.0
0.0
0.0
0.0
0.0
0.0
0.0
0.0
0.0
0.0
0.0
0.0
0.0
0.0
0.0
0.0
0.0
0.0
0.0
0.0
0.0
0.0
0.0
0.0
0.0
0.0
0.0
0.0
0.0
0.0
0.0
0.0
0.0
0.0
0.0
0.0
0.0
0.0
0.0
0.0
0.0
0.0
0.0
0.0
0.0
0.0
0.0
0.0
0.0
0.0
0.0
0.0
0.0
0.0
0.0
0.0
0.0
0.0
0.0
0.0
0.0
0.0
0.0
0.0
0.0
0.0
0.0
0.0
0.0
0.0
0.0
0.0
0.0
0.0
0.0
0.0
0.0
0.0
0.0
0.0
0.0
0.0
0.0
0.0
0.0
0.0
0.0
0.0
0.0
0.0
0.0
0.0
0.0
0.0
0.0
0.0
0.0
0.0
0.0
0.0
0.0
0.0
0.0
0.0
0.0
0.0
0.0
0.0
0.0
0.0
0.0
0.0
0.0
0.0
0.0
0.0
0.0
0.0
0.0
0.0
0.0
0.0
0.0
0.0
0.0
0.0
0.0
0.0
0.0
0.0
0.0
0.0
0.0
0.0
0.0
0.0
0.0
0.0
0.0
0.0
0.0
0.0
0.0
0.0
0.0
0.0
0.0
0.0
0.0
0.0
0.0
0.0
0.0
0.0
0.0
0.0
0.0
0.0
0.0
0.0
0.0
0.0
0.0
0.0
0.0
0.0
0.0
0.0
0.0
0.0
0.0
0.0
0.0
0.0
0.0
0.0
0.0
0.0
0.0
0.0
0.0
0.0
0.0
0.0
0.0
0.0
0.0
0.0
0.0
0.0
0.0
0.0
0.0
0.0
0.0
0.0
0.0
0.0
0.0
0.0
0.0
0.0
0.0
0.0
0.0
0.0
0.0
0.0
0.0
0.0
0.0
0.0
0.0
0.0
0.0
0.0
0.0
0.0
0.0
0.0
0.0
0.0
0.0
0.0
0.0
0.0
0.0
0.0
0.0
0.0
0.0
0.0
0.0
0.0
0.0
0.0
0.0
0.0
0.0
0.0
0.0
0.0
0.0
0.0
0.0
0.0
0.0
0.0
0.0
0.0
0.0
0.0
0.0
0.0
0.0
0.0
0.0
0.0
0.0
0.0
0.0
0.0
0.0
0.0
0.0
0.0
0.0
0.0
0.0
0.0
0.0
0.0
0.0
0.0
0.0
0.0
0.0
0.0
0.0
0.0
0.0
0.0
0.0
0.0
0.0
0.0
0.0
0.0
0.0
0.0
0.0
0.0
0.0
0.0
0.0
0.0
0.0
0.0
0.0
0.0
0.0
0.0
0.0
0.0
0.0
0.0
0.0
0.0
0.0
0.0
0.0
0.0
0.0
0.0
0.0
0.0
0.0
0.0
0.0
0.0
0.0
0.0
0.0
0.0
0.0
0.0
0.0
0.0
0.0
0.0
0.0
0.0
0.0
0.0
0.0
0.0
0.0
0.0
0.0
0.0
0.0
0.0
0.0
0.0
0.0
0.0
0.0
0.0
0.0
0.0
0.0
0.0
0.0
0.0
0.0
0.0
0.0
0.0
0.0
0.0
0.0
0.0
0.0
0.0
0.0
0.0
0.0
0.0
0.0
0.0
0.0
0.0
0.0
0.0
0.0
0.0
0.0
0.0
0.0
0.0
0.0
0.0
0.0
0.0
0.0
0.0
0.0
0.0
0.0
0.0
0.0
0.0
0.0
0.0
0.0
0.0
0.0
0.0
0.0
0.0
0.0
0.0
0.0
0.0
0.0
0.0
0.0
0.0
0.0
0.0
0.0
0.0
0.0
0.0
0.0
0.0
0.0
0.0
0.0
0.0
0.0
0.0
0.0
0.0
0.0
0.0
0.0
0.0
0.0
0.0
0.0
0.0
0.0
0.0
0.0
0.0
0.0
0.0
0.0
0.0
0.0
0.0
0.0
0.0
0.0
0.0
0.0
0.0
0.0
0.0
0.0
0.0
0.0
0.0
0.0
0.0
0.0
0.0
0.0
0.0
0.0
0.0
0.0
0.0
0.0
0.0
0.0
0.0
0.0
0.0
0.0
0.0
0.0
0.0
0.0
0.0
0.0
0.0
0.0
0.0
0.0
0.0
0.0
0.0
0.0
0.0
0.0
0.0
0.0
0.0
0.0
0.0
0.0
0.0
0.0
0.0
0.0
0.0
0.0
0.0
0.0
0.0
0.0
0.0
0.0
0.0
0.0
0.0
0.0
0.0
0.0
0.0
0.0
0.0
0.0
0.0
0.0
0.0
0.0
0.0
0.0
0.0
0.0
0.0
0.0
0.0
0.0
0.0
0.0
0.0
0.0
0.0
0.0
0.0
0.0
0.0
0.0
0.0
0.0
0.0
0.0
0.0
0.0
0.0
0.0
0.0
0.0
0.0
0.0
0.0
0.0
0.0
0.0
0.0
0.0
0.0
0.0
0.0
0.0
0.0
0.0
0.0
0.0
0.0
0.0
0.0
0.0
0.0
0.0
0.0
0.0
0.0
0.0
0.0
0.0
0.0
0.0
0.0
0.0
0.0
0.0
0.0
0.0
0.0
0.0
0.0
0.0
0.0
0.0
0.0
0.0
0.0
0.0
0.0
0.0
0.0
0.0
0.0
0.0
0.0
0.0
0.0
0.0
0.0
0.0
0.0
0.0
0.0
0.0
0.0
0.0
0.0
0.0
0.0
0.0
0.0
0.0
0.0
0.0
0.0
0.0
0.0
0.0
0.0
0.0
0.0
0.0
0.0
0.0
0.0
0.0
0.0
0.0
0.0
0.0
0.0
0.0
0.0
0.0
0.0
0.0
0.0
0.0
0.0
0.0
0.0
0.0
0.0
0.0
0.0
0.0
0.0
0.0
0.0
0.0
0.0
0.0
0.0
0.0
0.0
0.0
0.0
0.0
0.0
0.0
0.0
0.0
0.0
0.0
0.0
0.0
0.0
0.0
0.0
0.0
0.0
0.0
0.0
0.0
0.0
0.0
0.0
0.0
0.0
0.0
0.0
0.0
0.0
0.0
0.0
0.0
0.0
0.0
0.0
0.0
0.0
0.0
0.0
0.0
0.0
0.0
0.0
0.0
0.0
0.0
0.0
0.0
0.0
0.0
0.0
0.0
0.0
0.0
0.0
0.0
0.0
0.0
0.0
0.0
0.0
0.0
0.0
0.0
0.0
0.0
0.0
0.0
0.0
0.0
0.0
0.0
0.0
0.0
0.0
0.0
0.0
0.0
0.0
0.0
0.0
0.0
0.0
0.0
0.0
0.0
0.0
0.0
0.0
0.0
0.0
0.0
0.0
0.0
0.0
0.0
0.0
0.0
0.0
0.0
0.0
0.0
0.0
0.0
0.0
0.0
0.0
0.0
0.0
0.0
0.0
0.0
0.0
0.0
0.0
0.0
0.0
0.0
0.0
0.0
0.0
0.0
0.0
0.0
0.0
0.0
0.0
0.0
0.0
0.0
0.0
0.0
0.0
0.0
0.0
0.0
0.0
0.0
0.0
0.0
0.0
0.0
0.0
0.0
0.0
0.0
0.0
0.0
0.0
0.0
0.0
0.0
0.0
0.0
0.0
0.0
0.0
0.0
0.0
0.0
0.0
0.0
0.0
0.0
0.0
0.0
0.0
0.0
0.0
0.0
0.0
0.0
0.0
0.0
0.0
0.0
0.0
0.0
0.0
0.0
0.0
0.0
0.0
0.0
0.0
0.0
0.0
0.0
0.0
0.0
0.0
0.0
0.0
0.0
0.0
0.0
0.0
0.0
0.0
0.0
0.0
0.0
0.0
0.0
0.0
0.0
0.0
0.0
0.0
0.0
0.0
0.0
0.0
0.0
0.0
0.0
0.0
0.0
0.0
0.0
0.0
0.0
0.0
0.0
0.0
0.0
0.0
0.0
0.0
0.0
0.0
0.0
0.0
0.0
0.0
0.0
0.0
0.0
0.0
0.0
0.0
0.0
0.0
0.0
0.0
0.0
0.0
0.0
0.0
0.0
0.0
0.0
0.0
0.0
0.0
0.0
0.0
0.0
0.0
0.0
0.0
0.0
0.0
0.0
0.0
0.0
0.0
0.0
0.0
0.0
0.0
0.0
0.0
0.0
0.0
0.0
0.0
0.0
0.0
0.0
0.0
0.0
0.0
0.0
0.0
0.0
0.0
0.0
0.0
0.0
0.0
0.0
0.0
0.0
0.0
0.0
0.0
0.0
0.0
0.0
0.0
0.0
0.0
0.0
0.0
0.0
0.0
0.0
0.0
0.0
0.0
0.0
0.0
0.0
0.0
0.0
0.0
0.0
0.0
0.0
0.0
0.0
0.0
0.0
0.0
0.0
0.0
0.0
0.0
0.0
0.0
0.0
0.0
0.0
0.0
0.0
0.0
0.0
0.0
0.0
0.0
0.0
0.0
0.0
0.0
0.0
0.0
0.0
0.0
0.0
0.0
0.0
0.0
0.0
0.0
0.0
0.0
0.0
0.0
0.0
0.0
0.0
0.0
0.0
0.0
0.0
0.0
0.0
0.0
0.0
0.0
0.0
0.0
0.0
0.0
0.0
0.0
0.0
0.0
0.0
0.0
0.0
0.0
0.0
0.0
0.0
0.0
0.0
0.0
0.0
0.0
0.0
0.0
0.0
0.0
0.0
0.0
0.0
0.0
0.0
0.0
0.0
0.0
0.0
0.0
0.0
0.0
0.0
0.0
0.0
0.0
0.0
0.0
0.0
0.0
0.0
0.0
0.0
0.0
0.0
0.0
0.0
0.0
0.0
0.0
0.0
0.0
0.0
0.0
0.0
0.0
0.0
0.0
0.0
0.0
0.0
0.0
0.0
0.0
0.0
0.0
0.0
0.0
0.0
0.0
0.0
0.0
0.0
0.0
0.0
0.0
0.0
0.0
0.0
0.0
0.0
0.0
0.0
0.0
0.0
0.0
0.0
0.0
0.0
0.0
0.0
0.0
0.0
0.0
0.0
0.0
0.0
0.0
0.0
0.0
0.0
0.0
0.0
0.0
0.0
0.0
0.0
0.0
0.0
0.0
0.0
0.0
0.0
0.0
0.0
0.0
0.0
0.0
0.0
0.0
0.0
0.0
0.0
0.0
0.0
0.0
0.0
0.0
0.0
0.0
0.0
0.0
0.0
0.0
0.0
0.0
0.0
0.0
0.0
0.0
0.0
0.0
0.0
0.0
0.0
0.0
0.0
0.0
0.0
0.0
0.0
0.0
0.0
0.0
0.0
0.0
0.0
0.0
0.0
0.0
0.0
0.0
0.0
0.0
0.0
0.0
0.0
0.0
0.0
0.0
0.0
0.0
0.0
0.0
0.0
0.0
0.0
0.0
0.0
0.0
0.0
0.0
0.0
0.0
0.0
0.0
0.0
0.0
0.0
0.0
0.0
0.0
0.0
0.0
0.0
0.0
0.0
0.0
0.0
0.0
0.0
0.0
0.0
0.0
0.0
0.0
0.0
0.0
0.0
0.0
0.0
0.0
0.0
0.0
0.0
0.0
0.0
0.0
0.0
0.0
0.0
0.0
0.0
0.0
0.0
0.0
0.0
0.0
0.0
0.0
0.0
0.0
0.0
0.0
0.0
0.0
0.0
0.0
0.0
0.0
0.0
0.0
0.0
0.0
0.0
0.0
0.0
0.0
0.0
0.0
0.0
0.0
0.0
0.0
0.0
0.0
0.0
0.0
0.0
0.0
0.0
0.0
0.0
0.0
0.0
0.0
0.0
0.0
0.0
0.0
0.0
0.0
0.0
0.0
0.0
0.0
0.0
0.0
0.0
0.0
0.0
0.0
0.0
0.0
0.0
0.0
0.0
0.0
0.0
0.0
0.0
0.0
0.0
0.0
0.0
0.0
0.0
0.0
0.0
0.0
0.0
0.0
0.0
0.0
0.0
0.0
0.0
0.0
0.0
0.0
0.0
0.0
0.0
0.0
0.0
0.0
0.0
0.0
0.0
0.0
0.0
0.0
0.0
0.0
0.0
0.0
0.0
0.0
0.0
0.0
0.0
0.0
0.0
0.0
0.0
0.0
0.0
0.0
0.0
0.0
0.0
0.0
0.0
0.0
0.0
0.0
0.0
0.0
0.0
0.0
0.0
0.0
0.0
0.0
0.0
0.0
0.0
0.0
0.0
0.0
0.0
0.0
0.0
0.0
0.0
0.0
0.0
0.0
0.0
0.0
0.0
0.0
0.0
0.0
0.0
0.0
0.0
0.0
0.0
0.0
0.0
0.0
0.0
0.0
0.0
0.0
0.0
0.0
0.0
0.0
0.0
0.0
0.0
0.0
0.0
0.0
0.0
0.0
0.0
0.0
0.0
0.0
0.0
0.0
0.0
0.0
0.0
0.0
0.0
0.0
0.0
0.0
0.0
0.0
0.0
0.0
0.0
0.0
0.0
0.0
0.0
0.0
0.0
0.0
0.0
0.0
0.0
0.0
0.0
0.0
0.0
0.0
0.0
0.0
0.0
0.0
0.0
0.0
0.0
0.0
0.0
0.0
0.0
0.0
0.0
0.0
0.0
0.0
0.0
0.0
0.0
0.0
0.0
0.0
0.0
0.0
0.0
0.0
0.0
0.0
0.0
0.0
0.0
0.0
0.0
0.0
0.0
0.0
0.0
0.0
0.0
0.0
0.0
0.0
0.0
0.0
0.0
0.0
0.0
0.0
0.0
0.0
0.0
0.0
0.0
0.0
0.0
0.0
0.0
0.0
0.0
0.0
0.0
0.0
0.0
0.0
0.0
0.0
0.0
0.0
0.0
0.0
0.0
0.0
0.0
0.0
0.0
0.0
0.0
0.0
0.0
0.0
0.0
0.0
0.0
0.0
0.0
0.0
0.0
0.0
0.0
0.0
0.0
0.0
0.0
0.0
0.0
0.0
0.0
0.0
0.0
0.0
0.0
0.0
0.0
0.0
0.0
0.0
0.0
0.0
0.0
0.0
0.0
0.0
0.0
0.0
0.0
0.0
0.0
0.0
0.0
0.0
0.0
0.0
0.0
0.0
0.0
0.0
0.0
0.0
0.0
0.0
0.0
0.0
0.0
0.0
0.0
0.0
0.0
0.0
0.0
0.0
0.0
0.0
0.0
0.0
0.0
0.0
0.0
0.0
0.0
0.0
0.0
0.0
0.0
0.0
0.0
0.0
0.0
0.0
0.0
0.0
0.0
0.0
0.0
0.0
0.0
0.0
0.0
0.0
0.0
0.0
0.0
0.0
0.0
0.0
0.0
0.0
0.0
0.0
0.0
0.0
0.0
0.0
0.0
0.0
0.0
0.0
0.0
0.0
0.0
0.0
0.0
0.0
0.0
0.0
0.0
0.0
0.0
0.0
0.0
0.0
0.0
0.0
0.0
0.0
0.0
0.0
0.0
0.0
0.0
0.0
0.0
0.0
0.0
0.0
0.0
0.0
0.0
0.0
0.0
0.0
0.0
0.0
0.0
0.0
0.0
0.0
0.0
0.0
0.0
0.0
0.0
0.0
0.0
0.0
0.0
0.0
0.0
0.0
0.0
0.0
0.0
0.0
0.0
0.0
0.0
0.0
0.0
0.0
0.0
0.0
0.0
0.0
0.0
0.0
0.0
0.0
0.0
0.0
0.0
0.0
0.0
0.0
0.0
0.0
0.0
0.0
0.0
0.0
0.0
0.0
0.0
0.0
0.0
0.0
0.0
0.0
0.0
0.0
0.0
0.0
0.0
0.0
0.0
0.0
0.0
0.0
0.0
0.0
0.0
0.0
0.0
0.0
0.0
0.0
0.0
0.0
0.0
0.0
0.0
0.0
0.0
0.0
0.0
0.0
0.0
0.0
0.0
0.0
0.0
0.0
0.0
0.0
0.0
0.0
0.0
0.0
0.0
0.0
0.0
0.0
0.0
0.0
0.0
0.0
0.0
0.0
0.0
0.0
0.0
0.0
0.0
0.0
0.0
0.0
0.0
0.0
0.0
0.0
0.0
0.0
0.0
0.0
0.0
0.0
0.0
0.0
0.0
0.0
0.0
0.0
0.0
0.0
0.0
0.0
0.0
0.0
0.0
0.0
0.0
0.0
0.0
0.0
0.0
0.0
0.0
0.0
0.0
0.0
0.0
0.0
0.0
0.0
0.0
0.0
0.0
0.0
0.0
0.0
0.0
0.0
0.0
0.0
0.0
0.0
0.0
0.0
0.0
0.0
0.0
0.0
0.0
0.0
0.0
0.0
0.0
0.0
0.0
0.0
0.0
0.0
0.0
0.0
0.0
0.0
0.0
0.0
0.0
0.0
0.0
0.0
0.0
0.0
0.0
0.0
0.0
0.0
0.0
0.0
0.0
0.0
0.0
0.0
0.0
0.0
0.0
0.0
0.0
0.0
0.0
0.0
0.0
0.0
0.0
0.0
0.0
0.0
0.0
0.0
0.0
0.0
0.0
0.0
0.0
0.0
0.0
0.0
0.0
0.0
0.0
0.0
0.0
0.0
0.0
0.0
0.0
0.0
0.0
0.0
0.0
0.0
0.0
0.0
0.0
0.0
0.0
0.0
0.0
0.0
0.0
0.0
0.0
0.0
0.0
0.0
0.0
0.0
0.0
0.0
0.0
0.0
0.0
0.0
0.0
0.0
0.0
0.0
0.0
0.0
0.0
0.0
0.0
0.0
0.0
0.0
0.0
0.0
0.0
0.0
0.0
0.0
0.0
0.0
0.0
0.0
0.0
0.0
0.0
0.0
0.0
0.0
0.0
0.0
0.0
0.0
0.0
0.0
0.0
0.0
0.0
0.0
0.0
0.0
0.0
0.0
0.0
0.0
0.0
0.0
0.0
0.0
0.0
0.0
0.0
0.0
0.0
0.0
0.0
0.0
0.0
0.0
0.0
0.0
0.0
0.0
0.0
0.0
0.0
0.0
0.0
0.0
0.0
0.0
0.0
0.0
0.0
0.0
0.0
0.0
0.0
0.0
0.0
0.0
0.0
0.0
0.0
0.0
0.0
0.0
0.0
0.0
0.0
0.0
0.0
0.0
0.0
0.0
0.0
0.0
0.0
0.0
0.0
0.0
0.0
0.0
0.0
0.0
0.0
0.0
0.0
0.0
0.0
0.0
0.0
0.0
0.0
0.0
0.0
0.0
0.0
0.0
0.0
0.0
0.0
0.0
0.0
0.0
0.0
0.0
0.0
0.0
0.0
0.0
0.0
0.0
0.0
0.0
0.0
0.0
0.0
0.0
0.0
0.0
0.0
0.0
0.0
0.0
0.0
0.0
0.0
0.0
0.0
0.0
0.0
0.0
0.0
0.0
0.0
0.0
0.0
0.0
0.0
0.0
0.0
0.0
0.0
0.0
0.0
0.0
0.0
0.0
0.0
0.0
0.0
0.0
0.0
0.0
0.0
0.0
0.0
0.0
0.0
0.0
0.0
0.0
0.0
0.0
0.0
0.0
0.0
0.0
0.0
0.0
0.0
0.0
0.0
0.0
0.0
0.0
0.0
0.0
0.0
0.0
0.0
0.0
0.0
0.0
0.0
0.0
0.0
0.0
0.0
0.0
0.0
0.0
0.0
0.0
0.0
0.0
0.0
0.0
0.0
0.0
0.0
0.0
0.0
0.0
0.0
0.0
0.0
0.0
0.0
0.0
0.0
0.0
0.0
0.0
0.0
0.0
0.0
0.0
0.0
0.0
0.0
0.0
0.0
0.0
0.0
0.0
0.0
0.0
0.0
0.0
0.0
0.0
0.0
0.0
0.0
0.0
0.0
0.0
0.0
0.0
0.0
0.0
0.0
0.0
0.0
0.0
0.0
0.0
0.0
0.0
0.0
0.0
0.0
0.0
0.0
0.0
0.0
0.0
0.0
0.0
0.0
0.0
0.0
0.0
0.0
0.0
0.0
0.0
0.0
0.0
0.0
0.0
0.0
0.0
0.0
0.0
0.0
0.0
0.0
0.0
0.0
0.0
0.0
0.0
0.0
0.0
0.0
0.0
0.0
0.0
0.0
0.0
0.0
0.0
0.0
0.0
0.0
0.0
0.0
0.0
0.0
0.0
0.0
0.0
0.0
0.0
0.0
0.0
0.0
0.0
0.0
0.0
0.0
0.0
0.0
0.0
0.0
0.0
0.0
0.0
0.0
0.0
0.0
0.0
0.0
0.0
0.0
0.0
0.0
0.0
0.0
0.0
0.0
0.0
0.0
0.0
0.0
0.0
0.0
0.0
0.0
0.0
0.0
0.0
0.0
0.0
0.0
0.0
0.0
0.0
0.0
0.0
0.0
0.0
0.0
0.0
0.0
0.0
0.0
0.0
0.0
0.0
0.0
0.0
0.0
0.0
0.0
0.0
0.0
0.0
0.0
0.0
0.0
0.0
0.0
0.0
0.0
0.0
0.0
0.0
0.0
0.0
0.0
0.0
0.0
0.0
0.0
0.0
0.0
0.0
0.0
0.0
0.0
0.0
0.0
0.0
0.0
0.0
0.0
0.0
0.0
0.0
0.0
0.0
0.0
0.0
0.0
0.0
0.0
0.0
0.0
0.0
0.0
0.0
0.0
0.0
0.0
0.0
0.0
0.0
0.0
0.0
0.0
0.0
0.0
0.0
0.0
0.0
0.0
0.0
0.0
0.0
0.0
0.0
0.0
0.0
0.0
0.0
0.0
0.0
0.0
0.0
0.0
0.0
0.0
0.0
0.0
0.0
0.0
0.0
0.0
0.0
0.0
0.0
0.0
0.0
0.0
0.0
0.0
0.0
0.0
0.0
0.0
0.0
0.0
0.0
0.0
0.0
0.0
0.0
0.0
0.0
0.0
0.0
0.0
0.0
0.0
0.0
0.0
0.0
0.0
0.0
0.0
0.0
0.0
0.0
0.0
0.0
0.0
0.0
0.0