0
-0.00155
-0.00053
-0.0002
-0.00079
-0.00019
-0.002
-0.00272
-0.00214
-0.00386
-0.00103
-0.00494
-0.013
-0.0198
-0.02146
-0.02021
-0.0186
-0.02287
-0.0198
-0.01527
-0.01367
-0.02486
-0.02661
-0.03451
-0.01337
-0.00394
-0.0068
-0.00974
-0.01824
-0.00788
0.00539
-0.00756
-0.01082
-0.01565
-0.00901
-0.00465
-0.01341
-0.02529
-0.0253
-0.01544
-0.02511
-0.01588
0.0086
0.02421
0.02432
0.01545
-0.00023
0.00327
-0.01488
-0.00406
0.0083
0.00034
0.00635
0.01314
-0.03206
-0.002
-0.01733
-0.02077
-0.01101
-0.03121
-0.02396
-0.01211
-0.01373
-0.02441
-0.01992
-0.00867
-0.00674
-0.0249
-0.01137
-0.00958
-0.01265
-0.03152
-0.05693
-0.04475
-0.06589
-0.07205
-0.08999
-0.08313
-0.06572
-0.03034
-0.02046
-0.02142
-0.0249
-0.02111
0.0152
0.00509
-0.02488
-0.00924
-0.0014
0.03922
0.05507
0.05811
0.05379
0.08129
0.06775
0.05251
0.04578
0.05163
0.06119
0.05758
0.0509
0.03848
0.02955
0.05377
0.07258
0.08295
0.0424
0.04188
0.03746
0.05017
0.04557
0.04117
0.03722
-0.01733
-0.01117
-0.00357
0.01491
0.023
0.03419
0.03261
0.07606
0.09044
0.07999
0.08925
0.08015
0.08726
0.06273
0.03385
0.03808
-0.02105
-0.01055
0.00827
0.04772
0.07803
0.01806
0.01745
0.02571
-0.00072
0.00888
0.01034
0.02666
-0.02698
-0.04616
-0.062
-0.09708
-0.02943
-0.06686
-0.06343
-0.05412
-0.06475
-0.04204
-0.00813
-0.00868
0.02836
0.06725
0.05409
0.0275
0.06708
0.03231
0.03958
0.03181
-0.0072
0.0404
0.09482
0.08774
0.05269
0.04015
0.1175
0.14781
0.17156
0.19674
0.16171
0.16723
0.09027
0.07785
0.01467
-0.01526
0.00011
0.01021
0.06394
0.00943
-0.04627
-0.03991
-0.01747
-0.00409
-0.05732
-0.09339
-0.12325
-0.08054
-0.08361
-0.16767
-0.18945
-0.09455
-0.02558
-0.00355
0.00517
-0.03887
0.01213
0.06661
0.0299
0.00761
-0.08529
-0.11274
-0.05289
0.06159
0.10082
0.10386
0.10584
0.05239
0.06571
0.02298
0.03285
0.07678
0.12665
0.14278
0.0814
0.00477
-0.05281
-0.10242
-0.11585
-0.0698
-0.08262
-0.03712
-0.07343
-0.07087
-0.10301
-0.12179
-0.09419
-0.11372
-0.06174
0.01178
0.04284
-0.02698
-0.01458
-0.02355
0.00782
-0.03269
-0.04087
-0.0358
-0.03621
-0.06665
-0.05151
-0.00201
0.04121
0.00267
-0.05599
-0.00004
0.01798
0.04305
0.08059
0.07623
0.0151
-0.03462
-0.0257
-0.01705
0.03003
-0.06125
-0.04906
-0.0113
-0.02925
-0.04775
-0.08333
-0.09777
-0.03555
-0.07028
-0.01582
-0.11657
-0.03485
-0.00094
0.01777
0.03179
-0.01135
-0.04845
0.02676
0.02355
-0.00377
0.02477
0.06829
0.16988
0.20322
0.13907
0.12299
0.08132
0.08375
0.05659
0.05051
0.02527
-0.00467
-0.03866
0.00187
-0.04685
0.00527
-0.00388
-0.0197
0.01583
0.0239
0.00532
0.02003
0.08613
0.10933
0.11874
0.16994
0.16796
0.14699
0.08565
0.03954
0.14835
0.12455
0.16064
0.10218
-0.00501
-0.05219
-0.08801
-0.06079
-0.00526
-0.04651
-0.0134
-0.0854
-0.12285
-0.1199
-0.07419
-0.11075
-0.16621
-0.15824
-0.20021
-0.11566
-0.13838
-0.11189
-0.08839
-0.0268
-0.04068
-0.09654
-0.05522
-0.05707
0.01746
0.05421
0.0511
-0.07175
-0.11641
-0.10262
-0.02575
0.02442
0.0928
0.06719
0.0701
-0.02543
-0.05904
-0.05342
-0.02337
-0.07021
-0.05333
0.03152
-0.01442
0.04223
0.02166
0.01537
0.04417
0.04892
0.11123
0.12707
0.10177
0.12869
0.1037
0.03561
-0.03388
-0.02395
0.00562
0.0512
0.00116
0.01997
-0.07254
-0.05984
-0.02329
-0.07352
-0.06254
-0.11929
-0.06571
-0.02091
-0.05689
-0.07972
-0.03668
-0.02104
0.01988
0.00041
-0.04585
-0.07905
-0.10645
-0.11212
-0.03164
0.02729
-0.04645
-0.04407
-0.1039
-0.09624
-0.0978
-0.14853
-0.18377
-0.2269
-0.0827
-0.03725
-0.04544
0.05403
0.17476
0.22697
0.17547
0.11432
0.09502
0.1008
0.03043
0.02791
-0.03967
-0.09188
-0.07804
-0.06017
-0.13037
-0.08589
-0.03463
0.00273
0.00578
0.01725
0.00076
-0.02459
-0.05218
-0.03289
-0.00521
0.06773
0.00529
-0.05737
-0.05765
-0.00273
0.01547
0.04334
-0.08555
-0.12223
-0.12478
-0.07817
-0.07125
-0.00724
-0.03346
0.04854
0.09916
0.0466
0.06065
0.02712
0.07415
0.04372
0.07845
0.11587
0.11776
0.07866
0.0514
0.00259
-0.07399
-0.08711
-0.03482
0.02371
0.02131
-0.03049
-0.02326
-0.0341
-0.00375
-0.04903
-0.05919
-0.0383
-0.07549
-0.05536
-0.09864
-0.01698
0.00125
0.00929
0.04047
0.00446
0.05574
0.092
0.05224
-0.00727
0.0176
0.07843
0.03585
-0.02206
-0.01145
0.01729
0.02008
0.04845
0.00215
-0.07377
-0.0398
-0.01738
-0.04088
-0.01221
-0.09838
-0.12384
-0.13234
-0.06852
-0.00328
-0.02792
-0.01823
-0.05477
-0.07297
0.00516
0.06111
0.09164
0.06465
0.10143
0.03468
0.07155
0.03631
0.01954
0.00523
0.04789
-0.01115
-0.09716
-0.05543
-0.09059
-0.09829
-0.03096
-0.11574
-0.09489
-0.06424
0.01025
0.07743
0.09475
0.00543
-0.10812
-0.10681
-0.06469
-0.04462
-0.02909
-0.0163
-0.06191
0.00197
0.04515
-0.02526
-0.01682
0.01091
0.02383
0.00397
0.0545
0.08222
0.09759
0.11233
0.05573
0.02123
-0.05316
-0.0035
0.03862
0.02734
-0.12528
-0.1344
-0.10361
-0.0677
-0.03321
-0.0368
-0.02058
0.01698
0.03195
0.04699
0.0903
0.13806
0.06103
0.09313
0.01086
-0.02745
0.00871
0.053
0.12179
0.10769
0.10043
0.12134
0.12278
0.0759
0.14227
0.16244
0.16307
0.13775
0.04152
0.06161
0.06385
0.08845
0.03381
0.16774
0.22255
0.14741
0.15098
0.08705
0.04284
0.01861
-0.04191
0.02715
0.07804
0.05144
0.00809
-0.0698
-0.16346
-0.09031
-0.03233
0.03593
-0.03037
-0.14386
-0.15038
-0.07302
-0.0686
0.00662
-0.07602
-0.10014
-0.11264
-0.08996
-0.04132
-0.00582
-0.02262
0.0283
0.0419
0.01949
0.0998
0.05566
-0.0082
-0.01412
-0.03466
0.11915
0.10076
0.14344
0.14593
0.1146
0.03482
-0.03892
0.02255
0.02001
0.0514
0.00567
-0.10599
-0.1086
-0.06786
-0.1055
-0.06537
-0.08839
-0.07605
-0.03678
0.0028
0.02173
-0.04
-0.00741
0.01138
0.05888
0.14796
0.0645
0.1247
0.09716
0.10549
0.08683
0.00584
0.07673
0.02656
0.05527
0.09348
0.03808
0.02863
0.00306
0.06257
0.01615
0.09409
0.09713
0.05437
0.1176
0.09824
0.12607
0.03892
0.0162
-0.00593
-0.00804
-0.05458
-0.07795
-0.11762
-0.07433
-0.04394
-0.0445
-0.0989
-0.14584
-0.06713
-0.01031
0.07658
-0.01052
-0.04876
-0.12065
-0.06996
-0.05997
0.01487
-0.08121
-0.00598
-0.01424
-0.05361
0.01525
-0.01658
0.07682
0.03684
-0.0052
-0.09546
-0.16344
-0.09366
-0.08114
-0.15338
-0.06312
-0.02475
-0.02723
-0.06444
-0.10946
-0.10772
-0.08479
-0.03198
0.00777
0.10348
0.10537
0.05822
0.03681
0.00377
-0.0094
-0.02025
-0.03862
0.00586
0.01488
0.00596
0.04668
-0.01375
0.00998
0.04061
0.06429
0.02888
0.01621
-0.06982
-0.02614
-0.00447
0.02927
0.03576
-0.03627
-0.05886
-0.06008
-0.0297
-0.00718
0.00596
-0.03648
-0.12661
-0.08099
0.00242
-0.02678
-0.03227
-0.05785
-0.01801
0.01924
0.03266
0.01773
-0.03257
-0.05144
-0.0577
-0.0097
0.04359
-0.02197
0.00865
0.0258
0.03645
0.10663
0.03155
-0.03986
-0.04012
0.02362
0.0706
0.11363
0.09511
0.03043
0.06608
0.01936
-0.00059
0.01638
-0.0166
-0.00129
0.04048
-0.00483
0.0191
0.00058
0.01065
-0.03766
-0.10272
-0.0666
-0.06357
-0.04042
-0.06501
-0.08369
-0.06955
-0.00516
-0.10414
-0.14682
-0.16826
-0.16569
-0.08749
-0.09156
-0.11416
-0.11474
-0.09926
0.06681
0.12711
0.14106
0.18682
0.10073
0.11751
0.13055
0.06786
0.00502
-0.08858
-0.00338
0.04124
0.06941
0.07225
-0.0167
0.0184
-0.01784
0.07116
0.03448
0.00785
-0.06303
0.05305
0.03325
-0.0244
-0.0973
-0.0635
0.00028
0.03742
0.02058
-0.01253
-0.03262
-0.00181
-0.02696
-0.03968
-0.08466
-0.10086
-0.13824
-0.04886
0.01108
0.00232
-0.06248
-0.10705
-0.09722
-0.04991
-0.01967
-0.02638
-0.07557
-0.13158
-0.11649
-0.04889
-0.03598
0.03585
0.10068
0.12196
0.15833
0.12403
0.14675
0.1713
0.15052
0.12014
0.09652
0.02478
0.02069
0.04429
0.06732
0.05192
0.0606
0.04876
0.09053
0.06823
0.05245
0.00355
-0.0569
-0.03639
-0.06004
-0.05535
0.02011
0.01601
0.08276
0.08894
0.0525
0.00952
-0.0037
0.02565
0.05396
0.0621
-0.03536
-0.06365
0.00252
0.04579
0.06048
0.05033
0.01381
-0.01958
-0.00713
0.0505
0.05779
0.0814
0.11066
0.14339
0.06829
-0.02868
-0.07898
-0.09143
-0.03065
-0.03675
0.00316
0.04974
0.05121
0.02591
-0.02822
-0.08534
-0.00074
-0.02502
-0.11435
-0.10097
-0.10336
-0.01048
0.02377
0.03663
-0.03734
-0.05824
-0.0416
0.02385
0.02171
-0.03925
-0.05098
-0.04425
-0.03184
-0.01879
-0.06276
-0.00329
-0.03834
-0.00643
-0.02497
-0.04998
-0.03886
-0.02909
0.03985
0.01884
-0.03107
-0.08509
-0.06424
-0.04254
-0.07296
-0.15216
-0.14104
-0.08168
-0.09529
-0.0971
-0.07322
-0.06231
-0.00756
-0.00474
-0.04279
-0.02166
0.04282
0.01047
0.00453
-0.04016
-0.0465
0.00772
0.02769
-0.06787
-0.0809
-0.14168
-0.0803
-0.06997
-0.02049
0.0268
0.04708
0.08187
0.03008
0.00793
0.06642
0.12134
0.16184
0.13414
0.1049
0.06602
0.11189
0.07941
0.06031
0.03172
0.04965
0.08554
0.02995
0.06412
0.07684
0.04258
0.05542
0.02654
-0.00179
0.00808
0.0353
0.01035
-0.04723
-0.09496
-0.0975
-0.13845
-0.1741
-0.22097
-0.19924
-0.15391
-0.11132
-0.10832
-0.10187
-0.05742
-0.02459
-0.00675
0.07002
0.04318
0.02924
-0.02638
-0.01265
0.02626
-0.00099
-0.04638
-0.01292
0.02851
0.02682
0.07062
0.02413
0.02272
0.0437
-0.00741
-0.01327
-0.08529
-0.07177
-0.0363
0.02487
0.06854
0.05262
0.07471
0.0593
0.04481
0.03422
0.03609
0.00507
-0.00562
0.03783
0.03963
0.06649
-0.00069
-0.01727
-0.00113
-0.02652
-0.02562
0.02062
0.04367
0.0424
-0.0625
-0.08382
-0.06461
-0.0314
-0.11072
-0.13633
-0.11091
-0.03747
-0.01406
-0.01812
-0.01418
-0.04598
0.00844
0.03152
0.06164
0.05861
0.04479
0.01073
0.01828
0.05593
0.03517
0.02211
0.02213
0.06833
0.00982
0.00063
0.00692
0.01672
0.02863
0.03665
0.07302
0.16783
0.13957
0.1396
0.12827
0.11171
0.08472
0.1282
0.08883
0.0997
0.00667
-0.05184
-0.07855
-0.07529
-0.07857
-0.07378
-0.02531
-0.0141
-0.02252
0.0552
0.02041
-0.00766
0.03611
0.01678
0.06842
0.05394
0.05186
0.02927
0.00415
-0.04088
0.03306
0.02584
-0.00209
-0.06484
-0.06634
-0.0347
-0.00199
0.08666
0.08458
0.08423
0.00505
0.04704
0.04041
0.04269
0.08114
0.07389
0.08566
0.05298
0.11667
0.10339
0.01611
0.00173
-0.02217
-0.00848
-0.01083
-0.04463
-0.01819
-0.03666
0.0667
0.00989
-0.07644
-0.00532
-0.05892
-0.00401
0.05148
-0.00403
0.03233
0.04788
0.03376
0.02366
0.02516
-0.02111
-0.044
-0.01813
0.00562
0.02145
0.02184
0.00092
-0.00399
-0.07837
-0.07368
-0.08631
-0.08715
-0.04987
-0.06409
-0.03642
0.00362
0.00692
-0.04317
-0.05503
-0.06322
-0.01219
0.04046
0.07145
0.0565
0.06458
0.05571
0.05338
0.00344
-0.04391
-0.04824
-0.05177
-0.08681
-0.08881
-0.07312
-0.01386
0.00441
-0.01501
-0.02733
-0.05869
-0.02028
0.03805
0.07573
0.06283
0.01222
0.00677
0.02933
-0.00322
0.00707
-0.02419
0.00348
-0.00289
0.03445
0.0399
0.00284
-0.02785
-0.01127
-0.01627
-0.00189
-0.01135
0.00155
0.03272
0.07263
0.09051
0.06335
0.10514
0.08301
0.10488
0.098
0.0588
0.01741
0.01624
0.02389
0.00644
-0.01955
-0.06277
-0.07395
-0.09581
-0.08072
-0.0832
-0.12175
-0.07702
-0.0035
0.02372
-0.00727
-0.05657
-0.09008
-0.05876
-0.04417
-0.0394
-0.0203
0.03027
0.08106
0.07212
0.04034
0.00386
0.04199
0.06658
0.11117
0.12355
0.11124
0.10904
0.09349
0.09314
0.04959
-0.02348
-0.00585
-0.00412
0.00059
0.00228
-0.03188
-0.01586
-0.02352
-0.04882
-0.06511
-0.08424
-0.05298
-0.02579
0.00329
0.007
0.01751
0.00811
-0.02569
-0.04183
-0.08578
-0.04666
-0.04556
-0.09403
-0.08831
-0.05924
-0.09289
-0.11158
-0.11153
-0.11403
-0.05943
0.00548
0.02032
0.04273
-0.00993
-0.02107
-0.07998
-0.10258
-0.12628
-0.14035
-0.1284
-0.10931
-0.08694
-0.04098
-0.03697
-0.07709
-0.1371
-0.08504
-0.01417
0.01335
0.04597
0.01921
0.03205
0.03665
0.03747
0.01414
-0.01274
0.00177
-0.01033
-0.0587
-0.06167
-0.04034
-0.00344
0.04477
0.00603
0.0236
0.01411
0.00338
0.03356
0.07039
0.0937
0.0975
0.02535
0.04039
0.04142
0.02183
0.01993
-0.01914
-0.00741
0.03355
0.0109
0.00916
0.03137
0.00717
0.04483
0.06739
0.05579
0.04226
-0.00363
-0.01316
-0.03614
-0.06317
-0.09744
-0.12381
-0.06718
-0.11616
-0.08951
-0.02176
-0.03037
-0.05027
-0.03629
-0.01336
-0.02319
0.00264
-0.00148
-0.01584
-0.0072
-0.01019
0.02279
0.04586
0.05611
0.05819
0.06037
0.06172
0.04565
0.03157
0.01549
0.03703
0.01874
0.00553
0.01843
0.05397
0.06495
0.03357
0.01395
-0.01105
-0.04116
-0.02403
-0.03688
-0.04313
-0.04245
-0.01916
-0.03611
-0.04424
-0.07381
-0.04069
-0.03197
-0.0263
-0.01428
-0.02889
0.02203
0.02744
-0.01036
-0.02871
-0.03855
-0.02533
0.00684
0.01139
0.00668
0.01834
0.03705
0.02047
0.03901
0.00155
0.02027
0.04778
0.06589
0.08867
0.08926
0.06079
0.02897
0.01117
0.01335
-0.00456
0.00213
-0.01763
-0.01015
-0.00449
-0.00589
-0.01216
-0.02197
-0.01843
-0.02797
0.00085
0.02253
0.02281
0.00193
0.07371
0.09362
0.10473
0.10839
0.12338
0.13312
0.16103
0.11985
0.0961
0.0772
0.09691
0.13031
0.15544
0.13093
0.07836
0.02323
-0.0201
-0.00296
-0.01356
-0.00354
-0.03
-0.03796
0.0009
-0.05636
-0.06436
-0.05758
-0.03305
-0.00691
0.01486
0.01713
0.02071
-0.01824
-0.03446
-0.04605
-0.04315
-0.05254
-0.01789
-0.0315
-0.02309
-0.02025
-0.00393
0.00712
0.03602
0.00912
0.03654
0.04115
0.06112
0.06773
0.05738
0.04163
0.00113
-0.01087
-0.01145
0.0177
0.04344
0.0337
-0.01058
-0.02871
-0.01961
-0.03983
-0.02734
-0.06959
-0.07481
-0.04271
-0.02058
-0.02534
-0.02565
-0.0328
-0.01479
-0.03212
-0.0218
-0.0432
-0.03493
-0.02176
-0.06813
-0.09834
-0.07194
-0.06749
-0.03309
-0.01138
0.00209
0.02269
-0.00252
-0.01849
0.00611
0.01997
0.0686
0.10507
0.10505
0.09745
0.06589
0.07077
0.07891
0.0718
0.06208
0.1031
0.07221
0.08721
0.05121
0.04456
0.03932
0.07413
0.05495
0.03557
0.01629
0.00467
-0.03637
-0.05005
-0.05623
-0.06481
-0.05322
-0.05082
-0.02384
-0.04107
-0.06521
-0.0931
-0.06399
-0.04185
-0.02471
-0.03088
-0.03037
-0.03789
-0.03815
-0.04257
-0.08406
-0.06964
-0.08312
-0.05484
-0.02139
-0.05488
-0.06479
-0.0725
-0.05203
-0.0274
-0.00346
-0.01077
0.0068
0.01448
0.02891
0.00305
-0.01353
-0.00249
-0.01813
0.00166
-0.00555
-0.03387
-0.03013
-0.01376
-0.01145
0.00787
0.01933
0.02911
0.03797
0.042
0.0031
0.0087
-0.01033
0.01504
0.03774
0.04636
0.0442
0.03258
0.0221
0.00144
0.02728
0.03711
0.03212
0.00093
0.01146
0.02208
0.01133
-0.01775
-0.05594
-0.04277
-0.04608
-0.03716
-0.01837
-0.04291
-0.03338
-0.04596
-0.08117
-0.06198
-0.06216
-0.05749
-0.07075
-0.08036
-0.07752
-0.08068
-0.02535
-0.04079
-0.03683
-0.06006
-0.0454
-0.01679
0.00212
-0.00328
0.00694
0.0218
-0.0021
-0.04262
-0.02672
-0.03671
-0.00468
0.01882
0.03593
0.04473
0.02641
-0.00074
0.00187
0.00646
0.0426
0.0242
0.04996
0.04069
0.03535
0.06101
0.05185
0.06858
0.06291
0.05738
0.05584
0.04523
0.03937
0.0503
0.03585
0.03407
0.01173
-0.01768
-0.00948
-0.01359
0.00117
0.01389
-0.00754
0.02092
0.03467
0.03656
0.02813
0.00151
-0.02683
-0.02315
-0.01325
-0.01332
-0.03275
-0.02465
-0.01063
-0.00743
0.01694
0.01058
0.00082
0.00774
0.01033
0.00468
0.00874
-0.00524
0.02804
0.04683
0.00732
-0.00779
-0.04814
-0.03344
0.00271
0.02291
0.04051
0.04588
0.02993
0.00113
0.0003
0.00094
0.02289
0.01544
0.03064
0.03672
0.0379
-0.00378
0.00398
-0.01027
0.00635
0.01655
-0.02113
-0.01291
-0.03042
-0.02926
0.02084
0.01085
0.02404
0.03349
0.03864
0.03072
0.02683
0.01965
0.04525
0.03988
0.01019
0.00186
0.0115
0.01807
0.04002
0.039
0.01908
0.02249
0.01486
-0.00667
-0.00585
-0.00545
-0.02797
-0.02885
-0.03891
-0.0744
-0.06482
-0.09171
-0.06131
-0.04313
-0.02141
0.00851
-0.00225
-0.00507
-0.00814
0.01992
0.02514
0.02363
0.02231
-0.00333
-0.00368
0.02189
0.03253
0.02933
0.00398
-0.0065
-0.03701
-0.02135
-0.01133
-0.00117
0.0014
0.01255
0.0109
0.02004
0.01906
-0.00021
-0.01512
-0.00946
-0.02906
-0.03278
-0.02797
-0.01921
-0.00562
0.00371
0.00337
-0.0083
-0.00754
-0.00132
0.00506
0.02425
0.00421
0.00616
0.01075
0.02263
-0.00534
-0.02958
-0.00665
-0.01625
-0.03572
-0.02223
-0.01279
0.00431
0.02446
0.02051
-0.01239
-0.01399
-0.00813
0.00853
0.01601
0.01638
-0.02094
-0.01445
-0.00434
0.00697
0.0259
0.01631
0.021
0.01209
0.02084
0.05603
0.05381
0.04746
0.0458
0.03101
0.02259
-0.00515
0.01121
0.02077
0.02377
0.02526
-0.00704
-0.00908
-0.00761
-0.00607
-0.03212
-0.04201
-0.05641
-0.02915
-0.00688
-0.01716
-0.02525
-0.04714
-0.07466
-0.062
-0.03066
0.00085
0.00735
0.01599
0.00592
-0.00138
0.01673
0.03702
0.06532
0.03904
0.03613
0.04963
0.03535
0.03052
0.03999
0.00449
0.00541
-0.02155
-0.0013
0.01178
-0.00496
-0.01291
-0.0065
0.00803
0.00744
0.00425
0.00284
-0.01599
-0.03469
-0.02229
0.00533
-0.0043
-0.02099
-0.0135
-0.0051
0.01157
0.00891
-0.00273
-0.01982
-0.0298
-0.01545
-0.02403
-0.01439
-0.01922
-0.04045
-0.02662
-0.00119
-0.0136
-0.04752
-0.07643
-0.05053
-0.00426
0.00303
-0.03605
-0.05541
-0.02946
0.01167
0.02908
0.0032
0.01298
0.02728
0.03185
0.02964
0.00803
0.00405
0.00581
0.02291
0.01838
0.01881
0.00825
-0.00433
0.00205
-0.00775
0.00453
0.01676
0.03458
0.02469
0.01987
0.00227
-0.02129
-0.02007
-0.04342
-0.05713
-0.04972
-0.02959
-0.02856
-0.02468
-0.03869
-0.03662
-0.00248
0.00134
0.00552
0.00707
0.00965
0.02044
0.01684
0.01645
0.00632
-0.00432
-0.0067
0.00913
-0.00083
0.00486
0.01429
0.00979
0.00001
-0.02328
-0.02376
-0.03147
-0.02507
-0.03023
-0.02543
-0.02728
-0.0247
-0.02982
-0.00869
0.00832
-0.00993
0.00442
0.01088
0.0008
0.00944
0.01264
0.00132
-0.00757
-0.02378
-0.02242
-0.01198
0.0017
0.00468
0.01673
0.00772
-0.00203
0.0089
0.0104
0.02628
0.02678
0.02781
0.01403
0.02352
0.01792
0.01596
0.00702
-0.00462
-0.00536
-0.00788
0.00181
0.00871
0.0078
0.01779
0.01114
0.00966
0.02375
0.02532
0.02597
0.02046
0.01547
0.01381
0.00393
-0.02273
-0.03573
-0.0259
0.00668
0.01524
0.02057
0.02363
0.04051
0.04528
0.03892
0.04434
0.03625
0.03683
0.05886
0.04244
0.0342
-0.00205
-0.01662
-0.025
-0.01758
-0.00291
0.01061
-0.00113
0.00086
-0.00223
-0.01009
-0.00682
-0.00221
0.0056
0.00683
-0.00398
-0.00196
-0.00175
0.00293
-0.00795
-0.02092
-0.00795
-0.00208
-0.00617
-0.00883
-0.01068
-0.02289
-0.00986
0.00152
-0.01471
-0.01708
-0.015
0.01215
0.02144
0.02651
0.02326
0.02251
0.01871
0.02428
0.01925
0.01938
0.01738
0.01355
0.0124
-0.00174
-0.00653
0.00793
-0.01193
0.0007
-0.00701
-0.01293
-0.01863
-0.01426
-0.00495
-0.00798
0.00341
-0.00011
-0.00173
0.00005
0.00613
0.00563
0.01344
0.02527
0.02951
0.0192
0.02271
0.01019
0.00662
-0.00329
-0.00196
0.01309
0.0319
0.0327
0.03393
0.04228
0.02201
0.01555
0.00211
0.00033
0.00724
-0.01996
-0.01827
-0.02749
-0.02523
-0.01984
-0.02134
-0.02379
-0.03744
-0.03592
-0.04853
-0.05029
-0.03832
-0.03425
-0.02646
-0.03309
-0.0383
-0.02464
-0.01793
-0.00786
-0.02008
-0.01526
-0.01221
-0.01573
0.00269
-0.00963
-0.02451
-0.02688
-0.0294
-0.00029
0.00543
0.00163
-0.00346
0.00202
-0.00236
-0.01562
-0.01158
0.00777
0.01161
0.01499
0.0082
-0.00351
-0.01935
-0.01553
-0.00642
-0.00188
0.00771
0.00129
0.01137
0.00569
-0.00179
-0.00099
0.00513
0.00884
-0.00424
-0.01276
0.00003
-0.00098
-0.00695
-0.00696
-0.02177
-0.00388
-0.00099
-0.01115
-0.01153
-0.01383
-0.00737
-0.00029
0.01583
0.01497
-0.00647
-0.01462
-0.00929
-0.00111
0.01048
0.01498
0.02197
0.02996
0.02021
0.01995
0.0142
0.0098
0.02158
0.02069
0.02351
0.00968
0.01479
-0.001
-0.00072
-0.00488
0.00679
-0.001
0.00302
-0.0044
0.00656
0.01605
0.02316
0.02169
0.02715
0.01772
0.01651
0.00487
-0.00125
-0.00068
0.00103
-0.00499
-0.01729
-0.01762
-0.00735
-0.00163
-0.0038
0.00105
-0.00547
0.0165
0.01439
0.00956
0.02266
0.02635
0.02815
0.01083
0.0009
0.00488
0.01551
0.0201
0.01233
0.00012
-0.00067
0.00853
0.00725
0.00339
0.0124
0.00945
0.01053
-0.00124
-0.00312
-0.00498
0.0026
0.01611
0.00623
-0.00233
-0.00658
0.01167
0.02832
0.02546
0.01521
0.00167
0.0023
0.00973
0.03125
0.03286
0.00985
0.00785
0.00336
0.01044
0.01914
-0.00275
-0.00152
-0.00634
-0.00184
-0.00666
-0.01827
-0.02568
-0.01185
-0.01081
0.00008
0.00298
-0.00186
0.00268
0.00186
0.00397
0.01305
0.00673
-0.00012
0.00578
-0.00476
-0.02345
-0.02369
-0.02256
-0.01777
-0.01691
-0.02291
-0.01485
-0.00278
-0.01528
-0.01579
-0.0302
-0.03532
-0.02329
-0.01658
-0.0135
-0.01663
-0.02398
-0.03229
-0.02875
-0.01831
-0.0087
-0.00282
-0.00375
0.00829
0.00254
0.00844
0.00293
-0.00205
-0.00296
0.003
0.01019
0.01191
0.01629
0.01574
0.02229
0.02466
0.01469
0.02333
0.00814
0.00328
-0.00436
-0.01406
-0.02195
-0.02208
-0.02019
-0.02533
-0.022
-0.01806
-0.01728
-0.00844
-0.00579
-0.01206
-0.00643
-0.01246
-0.01653
-0.0234
-0.03732
-0.0289
-0.01828
-0.02707
-0.02553
-0.02179
-0.01796
-0.01947
-0.0211
-0.02545
-0.01691
-0.01168
-0.00164
-0.00333
0.00574
0.00542
0.01062
0.00801
-0.0001
-0.00349
0.00224
0.01108
0.02437
0.01328
0.01627
0.01472
0.00936
0.01239
0.0028
0.01759
0.02192
0.02069
0.02337
0.01116
0.00687
0.01032
0.0015
0.00763
0.00573
0.00257
-0.01004
-0.00846
-0.00442
-0.00629
-0.00466
-0.01525
-0.02528
-0.01523
-0.01396
-0.00072
-0.00076
-0.00047
-0.00111
0.00396
0.00146
0.00527
-0.00328
-0.01254
-0.00682
-0.01348
-0.00477
-0.01886
-0.01253
-0.00729
-0.00007
0.00475
0.01366
0.00579
0.01078
0.01
0.00988
0.01505
0.01209
0.01464
0.02204
0.02007
0.01036
0.00697
0.0098
0.02011
0.01858
0.01846
0.0189
0.00841
0.01289
0.01295
0.00138
0.00023
-0.00572
-0.02175
-0.01515
-0.00519
-0.00363
0.0008
0.00579
-0.00184
0.00169
0.00573
0.0053
-0.00544
-0.0131
-0.00564
-0.00511
0.00577
0.00485
0.0107
0.01394
0.01805
0.00838
0.00206
0.01396
0.01039
0.00883
0.00278
0.00132
0.00328
0.00296
0.00571
0.00697
0.01302
0.02369
0.0218
0.02598
0.0154
0.00536
0.00375
-0.0013
-0.00162
-0.00903
-0.00077
-0.00211
0.0016
-0.00243
0.00062
0.00384
0.00582
0.01671
0.00926
0.00955
0.0068
0.00185
0.00016
0.0036
0.00345
0.00516
0.00642
0.01131
0.00788
0.00545
0.00897
0.00598
0.00267
0.01223
0.00351
-0.00224
-0.01287
-0.01605
-0.01301
-0.0135
-0.01334
-0.0129
-0.01372
-0.01122
-0.00519
-0.01549
-0.0131
-0.01102
-0.00804
0.00287
-0.00386
-0.00936
-0.00716
0.0011
0.01183
0.00904
0.01045
0.00836
0.00801
0.00552
0.00801
0.00199
-0.00164
-0.01188
-0.00832
-0.00013
0.00365
0.00329
-0.00063
0.00424
0.00321
0.00489
0.00625
0.00501
0.01282
0.00856
0.00418
-0.00809
-0.00841
-0.00733
-0.0036
-0.00515
-0.00428
-0.00961
-0.0061
-0.00516
-0.01176
-0.01758
-0.0205
-0.02503
-0.02736
-0.02381
-0.02715
-0.01962
-0.01602
-0.013
-0.00945
-0.00764
-0.0034
-0.00461
-0.00417
-0.00216
0.01407
0.0151
0.0082
0.00618
-0.00186
0.00523
0.00977
0.0151
0.01944
0.02125
0.01517
0.01931
0.0196
0.00951
0.01047
0.01003
0.00696
0.00246
0.00458
0.00919
0.00575
0.00005
0.00431
-0.00246
0.0018
-0.00172
0.00375
0.00816
-0.00122
-0.00434
-0.00446
-0.00602
-0.0075
-0.00223
-0.00838
-0.00919
-0.00732
-0.00842
-0.01262
-0.01659
-0.01237
-0.01168
-0.00898
0.00151
-0.0074
-0.00347
-0.00503
-0.00718
-0.00557
-0.01218
-0.01369
-0.01303
-0.00726
-0.00662
-0.01061
-0.0099
-0.00744
-0.00453
0.01009
0.00818
0.01018
0.00912
0.02353
0.0243
0.01849
0.01135
0.00838
0.01112
0.00476
-0.00125
0.00051
0.00034
0.00168
0.00878
0.00648
0.0073
-0.00257
-0.0056
-0.00777
-0.00727
-0.00549
-0.00517
-0.00169
-0.0003
0.00273
0.00663
0.00541
0.00275
0.00333
0.00949
0.0129
0.00678
0.0081
0.00735
0.00694
0.00812
0.00708
0.00975
0.00996
0.00283
-0.00217
-0.01008
-0.01051
-0.00983
-0.00404
-0.00329
-0.00831
-0.01277
-0.01002
-0.00285
0.00434
0.00528
0.00995
0.00504
0.00741
0.00175
0.00204
-0.0015
-0.00581
-0.0042
-0.00212
-0.00459
0.00577
-0.00103
-0.00389
-0.00277
-0.00373
-0.00174
-0.00031
0.00286
0.00531
-0.00021
0.0064
0.00069
-0.00119
-0.00076
-0.00578
-0.00484
-0.00493
-0.00634
-0.00152
-0.0049
-0.00435
-0.00505
0.00729
0.01145
0.00728
0.00082
-0.0007
0.00313
0.00353
-0.00031
-0.00109
-0.00294
-0.00687
-0.00928
-0.00783
-0.01108
-0.00395
-0.00332
-0.00544
-0.00547
-0.01
-0.00829
-0.00979
-0.00656
-0.0043
-0.01359
-0.01494
-0.01261
-0.00618
-0.00276
-0.00378
-0.00198
0.00041
0.00714
0.00186
-0.00137
-0.00743
-0.00699
-0.01124
-0.01274
-0.00845
-0.01343
-0.01199
-0.00633
-0.00398
-0.00796
-0.01349
-0.012
-0.00784
-0.00732
-0.00449
-0.00559
-0.00112
0.00477
0.00539
0.0065
0.01047
0.01552
0.01283
0.01269
0.01466
0.01079
0.00335
0.0017
-0.00255
-0.00199
0.00208
0.00271
0.00634
0.00662
0.00881
0.00592
0.00261
-0.00033
-0.00089
0.00451
-0.00374
-0.00053
0.00248
0.00179
-0.00544
-0.00831
-0.00722
-0.00641
-0.00534
-0.00135
0.00009
-0.00008
0.0009
-0.0018
-0.00142
0.00631
0.00184
0.00334
0.0008
-0.00329
0.00291
-0.00105
-0.00789
-0.01317
-0.01037
-0.00523
0.00168
0.00346
0.00252
0.00443
0.00539
0.00695
0.00902
0.00869
0.00604
0.00292
0.00138
0.00226
0.00107
0.00359
0.00097
0.00099
0.00039
-0.00678
-0.00641
-0.00464
-0.00457
0.0017
-0.00035
-0.00352
0.00114
-0.00102
0.0011
0.00088
-0.00224
0.0007
0.00417
-0.0027
-0.00431
-0.00652
-0.00213
0.00491
0.01047
0.00427
0.00632
0.00623
0.01135
0.01357
0.00668
0.00587
0.00792
0.00908
0.0036
0.00258
-0.00221
-0.00096
-0.0002
-0.00529
0.00047
-0.00098
0.00207
-0.00092
-0.00685
-0.00692
-0.00934
-0.00822
-0.00112
-0.0012
0.00128
0.0005
0.00112
-0.0037
-0.00342
0.00185
0.00019
0.00305
0.00054
-0.00073
0.00524
0.00746
0.00902
0.00719
0.00143
-0.00024
0.00137
-0.00245
-0.00783
-0.00553
0.00236
0.00214
-0.00163
-0.00392
-0.00212
-0.00255
-0.00441
-0.00853
-0.00897
-0.00547
-0.00346
-0.00536
-0.01004
-0.00946
-0.00927
-0.00488
-0.0074
-0.01175
-0.01017
-0.00294
-0.00215
0.00268
-0.00513
-0.00622
-0.00069
-0.00075
-0.00159
-0.00204
-0.00412
-0.00472
0.00185
-0.00017
-0.00003
-0.00311
-0.00131
0.00143
0.00464
0.00359
0.00362
0.00579
0.00457
0.0043
0.00465
0.00273
0.00773
0.00692
0.0084
0.00549
0.00551
0.0065
0.0094
0.00633
0.00037
-0.00029
0.00484
0.00512
0.00148
-0.00237
-0.00291
-0.0094
-0.00811
-0.00916
-0.01084
-0.01184
-0.01462
-0.00897
-0.0033
-0.00364
-0.00284
0.00161
0.0028
0.00478
0.00343
-0.00144
-0.00161
-0.00462
-0.00514
-0.00574
-0.0033
-0.00445
-0.00134
-0.00036
0.0023
0.00225
-0.00164
-0.00511
-0.00305
0.00365
0.00697
0.00787
0.00559
0.003
0.00056
0.00178
0.00145
0.00093
0.00213
0.00426
0.00578
0.0039
-0.00354
-0.0022
-0.00205
-0.0002
-0.00143
-0.00334
-0.00792
-0.00482
-0.00282
0.00124
0.00002
-0.00284
-0.00359
-0.00175
-0.00013
0.0027
0.00069
-0.00167
0.00213
0.00454
0.01034
0.01238
0.01439
0.01387
0.01099
0.01376
0.01216
0.00976
0.00088
-0.00164
-0.00348
0.00261
0.00147
0.00102
-0.00406
-0.00366