0
-0.00089
-0.00102
-0.00312
-0.00389
-0.00344
-0.00461
-0.00556
-0.00381
-0.00471
-0.00519
-0.0035
-0.00936
-0.0145
-0.0121
-0.00213
0.00159
0.00702
0.00814
0.0045
0.01299
0.01215
0.01335
0.00375
0.00207
0.01087
0.01333
0.03365
0.03261
0.02215
0.00627
0.00829
0.008
0.01931
0.02766
0.00589
-0.00885
0.00279
0.00405
0.00808
0.00728
0.00134
-0.01031
0.00003
0.02273
0.02692
0.01102
0.01957
0.04043
0.03598
0.01817
-0.00679
-0.0199
-0.01551
-0.00182
-0.0098
-0.00819
0.015
0.0101
-0.00713
-0.00199
-0.00612
-0.01997
-0.02688
0.01922
-0.00458
-0.00082
0.00958
0.00361
0.00234
0.02259
0.02468
0.00354
-0.00208
0.00662
0.01903
0.01861
0.00076
-0.01045
0.00754
0.01572
-0.01121
-0.00505
-0.02123
-0.01001
0.02124
0.01711
0.01602
0.04467
0.05969
0.08216
0.09833
0.11873
0.1011
0.07697
0.06722
0.06947
0.07854
0.09594
0.06386
0.03804
0.06559
0.08824
0.08444
0.09656
0.07814
0.03911
0.03922
0.03365
0.02877
-0.00838
-0.01473
0.00892
0.0013
0.01382
0.00223
-0.01429
-0.01753
-0.01626
-0.0054
0.00737
0.00621
-0.00414
-0.02927
-0.05861
-0.04918
-0.00873
-0.02834
-0.02817
-0.03951
-0.03652
-0.04205
-0.05684
-0.04289
0.01966
0.02241
0.02309
0.0158
0.02063
0.01475
0.02317
0.00376
-0.00855
-0.0378
-0.04032
-0.05547
-0.06446
-0.06751
-0.10334
-0.07634
-0.05203
-0.08442
-0.04305
0.01265
0.02145
0.02448
-0.02311
-0.0847
-0.04746
-0.04687
-0.03007
-0.05484
-0.03424
-0.02356
-0.03482
-0.08659
-0.07799
-0.03907
-0.03357
0.00536
0.06232
0.00047
0.0078
0.05114
0.0399
0.05642
0.08393
0.08933
0.04817
0.05512
0.06286
0.03463
-0.02772
-0.03133
0.00466
-0.0456
-0.02908
-0.01196
-0.02556
-0.02683
0.04165
0.05668
-0.00874
-0.02405
-0.03297
0.01566
0.06151
0.01446
-0.03401
-0.04207
-0.10525
-0.13567
-0.17527
-0.21045
-0.17295
-0.14168
-0.15375
-0.10416
-0.0738
-0.05142
-0.03442
-0.11882
-0.11292
-0.09773
-0.03862
-0.01742
-0.04354
-0.08256
-0.07267
-0.04389
-0.01356
0.04941
0.00738
-0.02649
0.03736
0.16268
0.20757
0.1149
0.07667
0.04906
0.02128
0.07173
0.04436
-0.0092
-0.05063
-0.04697
-0.07176
-0.02095
0.10039
0.13301
0.12738
0.03736
-0.00474
-0.0346
-0.08218
-0.06669
-0.06681
-0.07339
-0.03808
-0.01499
-0.03611
-0.10357
-0.16008
-0.21338
-0.18703
-0.15421
-0.1179
-0.07294
-0.00348
0.02304
0.0079
0.02773
-0.0126
-0.00268
0.01171
0.03326
0.05458
0.07458
0.06749
0.11928
0.12284
0.09434
-0.03057
-0.01431
0.04246
0.03386
0.03343
-0.00418
0.00351
0.0472
0.0359
0.03361
0.01747
0.0506
0.11844
0.1044
0.03896
-0.02202
0.01054
0.0904
0.06906
0.03862
0.00581
0.01372
-0.04146
-0.102
-0.0973
-0.02126
0.00439
0.03274
-0.02892
-0.07395
0.0081
0.02798
0.02438
-0.02837
0.00437
-0.00357
0.02863
0.08599
0.03815
0.06265
0.03996
0.03588
0.13729
0.09194
0.06197
0.05742
0.02143
-0.00822
0.05531
0.11026
0.05275
0.03645
0.0646
0.07523
0.13272
0.07819
-0.02248
-0.11719
-0.09237
-0.10295
-0.09359
-0.06823
-0.09121
-0.06965
-0.06176
-0.07133
-0.06563
-0.00421
0.03389
-0.00312
0.0442
0.04368
0.00962
0.05669
0.07759
0.0588
0.03634
0.06657
0.09821
0.07636
-0.00076
0.00987
0.00126
-0.06134
-0.10862
-0.17016
-0.13417
-0.09468
-0.02651
-0.13224
-0.14886
-0.19194
-0.23545
-0.20372
-0.15665
-0.10813
-0.05901
-0.04521
-0.08788
-0.08308
-0.09161
-0.12876
-0.09133
-0.02538
0.01127
-0.05477
-0.03843
-0.04273
0.02726
0.04821
0.12423
0.08763
0.0922
0.1186
0.1298
0.11787
0.04748
0.02716
0.06522
0.108
0.0829
0.10147
0.05997
0.02253
-0.07432
-0.04605
0.05035
0.12252
0.13739
0.10282
0.09455
0.02869
-0.03993
-0.06177
-0.10677
-0.0297
0.05899
0.05378
-0.00038
0.0374
0.09654
0.10401
0.02367
0.05461
0.03525
0.01694
0.04804
0.03168
0.03281
0.05914
0.00224
-0.05255
-0.10762
-0.05046
-0.12442
-0.14823
-0.12677
-0.01736
-0.04203
-0.00519
-0.03545
-0.08998
-0.06771
-0.08836
-0.08941
-0.02155
-0.01733
-0.05609
-0.02661
-0.03818
0.0454
0.07098
0.04422
-0.01617
0.01172
0.06413
0.05562
0.03343
-0.00423
-0.04763
-0.02558
-0.01398
-0.01281
0.01905
0.07681
0.08936
-0.00553
-0.05852
-0.02144
-0.06198
-0.03452
0.02177
0.03437
0.00699
0.03949
0.10077
0.26359
0.21538
0.13445
0.17396
0.22048
0.18587
0.06014
-0.06799
-0.10254
-0.06718
-0.08866
-0.08661
-0.13482
-0.11738
-0.07479
-0.09742
-0.04238
0.0101
0.01335
-0.03045
0.05782
0.1469
0.10271
0.05951
0.01015
0.00705
0.00242
-0.0098
-0.01488
-0.0077
0.04248
0.03835
0.03117
-0.04415
-0.07494
-0.02403
0.01982
0.05491
0.02086
-0.0078
-0.07613
-0.07916
0.03664
0.06999
0.10326
0.10463
0.13564
0.0685
0.08781
0.13209
0.02512
-0.03669
-0.00102
-0.00921
-0.01402
0.00265
-0.05454
0.00651
-0.00696
-0.05448
-0.11446
-0.11875
-0.1132
-0.11312
-0.09981
-0.031
0.04322
0.08775
0.00409
-0.022
-0.04672
-0.00112
0.0196
-0.01112
0.00891
-0.04419
0.01381
0.04291
0.01651
0.03066
0.04371
0.07064
0.10666
0.07484
0.05975
0.03473
0.02256
0.00895
0.03517
0.01025
-0.07179
-0.08558
-0.01361
0.02202
-0.05435
-0.10962
-0.07003
-0.01137
-0.01266
-0.02623
-0.02561
-0.07536
-0.09966
-0.06233
0.01121
-0.01005
-0.03515
0.00916
-0.05964
-0.03703
0.01505
0.05484
0.12628
0.11988
0.07224
0.02612
0.06122
0.03639
0.03497
0.08781
0.13385
0.0825
0.01374
-0.03387
-0.01959
-0.07128
-0.04871
-0.03424
-0.09027
-0.06805
-0.05631
-0.0409
-0.08655
-0.12796
-0.05421
0.01284
-0.04007
-0.0081
0.05354
0.01921
0.00623
0.1052
0.09863
0.1093
0.08025
0.01596
-0.06518
-0.09858
-0.05347
0.03137
0.07697
0.08197
0.06632
0.06958
0.04523
0.05335
0.10739
0.08065
0.01297
0.02985
0.09055
0.06766
0.04015
0.03312
0.07676
0.04846
0.00997
-0.03889
-0.04102
-0.07841
-0.06714
-0.07521
-0.00396
0.04125
0.00353
-0.05709
-0.10033
0.02009
0.11727
0.12988
0.09171
0.08123
0.09216
0.09627
0.09115
0.09108
0.04992
0.07032
0.0633
0.00796
-0.07352
-0.02357
-0.01585
-0.09908
0.01239
0.06735
0.06867
0.06167
0.00488
-0.03359
-0.00995
-0.0034
-0.04142
-0.06733
-0.0016
0.00682
-0.04829
-0.08737
-0.12487
-0.14407
-0.06515
-0.02359
-0.03871
-0.05713
-0.01624
0.06022
-0.03809
-0.14933
-0.13948
-0.15819
-0.17642
-0.13198
-0.13177
-0.12053
-0.03211
-0.01118
-0.1111
-0.13133
-0.14995
-0.15541
-0.13953
0.00652
0.04123
0.01472
-0.00543
-0.105
-0.10964
-0.01594
0.06708
0.05391
0.0354
0.04036
-0.04607
-0.02524
0.01979
0.04289
0.08706
0.09551
0.06883
0.03651
0.06339
0.04032
-0.01949
0.00665
0.03611
-0.05785
-0.08261
-0.04788
0.00101
0.10189
0.1036
-0.01131
-0.01915
-0.05439
-0.09918
-0.12525
-0.1458
-0.0763
0.00273
-0.03849
-0.0412
-0.07813
-0.10099
-0.09782
0.00773
0.03586
0.00706
0.04861
0.06525
0.04288
0.07818
0.09605
0.08966
0.0607
0.01829
0.04362
0.10235
0.07293
0.09023
0.07978
-0.04549
-0.00187
0.00074
-0.0569
-0.04348
-0.06596
-0.07609
-0.02707
-0.0088
-0.08319
-0.02266
-0.01987
-0.07528
-0.0581
-0.05699
-0.00986
-0.0359
-0.04178
0.01983
-0.02644
-0.06425
-0.06369
-0.0613
-0.09156
-0.10262
-0.16165
-0.11386
-0.1203
-0.12193
-0.09167
-0.09505
-0.05811
-0.03591
-0.00806
0.04303
0.00155
-0.02208
-0.04924
-0.00589
0.09405
0.05871
0.04506
-0.01345
-0.08696
-0.072
-0.06525
0.03048
0.05749
0.03107
0.01364
-0.01242
0.061
-0.00291
0.01399
0.01504
0.03106
-0.00315
0.02241
-0.0654
-0.07601
-0.10582
-0.08704
0.01152
0.09583
0.04366
0.00572
0.12564
0.11251
0.08268
0.02749
0.02064
0.03497
0.07939
0.10978
0.12939
0.11486
0.1255
0.11461
0.02353
-0.03792
-0.03439
-0.03477
-0.03452
-0.01336
-0.00465
0.02235
0.05862
0.03912
0.00656
0.01651
0.02026
-0.03286
0.00894
0.03571
0.00217
-0.00944
-0.05393
-0.04299
-0.05654
-0.01221
0.04888
0.03671
0.02709
-0.00331
-0.03325
-0.00883
0.02891
0.02658
0.03228
0.03562
0.02977
-0.00396
-0.03497
0.07085
0.11927
0.10895
0.02969
0.0433
0.06801
0.06546
0.06906
0.04839
0.01238
-0.01145
-0.02075
-0.00183
0.02383
0.05052
0.10425
0.06272
0.00824
0.04111
0.07068
0.03213
0.03761
0.02611
-0.05503
-0.04617
0.03494
0.06193
0.04705
0.02979
-0.00879
-0.06895
-0.09292
-0.04848
-0.05757
-0.05958
-0.05989
-0.02
-0.04557
-0.02518
0.0128
-0.04642
-0.05319
-0.02646
-0.0388
-0.03836
-0.06003
-0.0661
-0.02568
0.04063
0.03831
0.03249
-0.00117
0.01872
0.00815
0.04948
0.027
-0.04524
0.00749
0.04079
0.09515
0.1218
0.12858
0.11706
0.11945
0.15052
0.16508
0.24375
0.20139
0.10858
0.06647
0.03486
-0.07267
-0.06277
-0.04635
-0.08628
-0.10458
-0.09553
-0.06387
0.04813
0.04514
0.03151
0.01292
-0.00581
-0.04004
0.0032
-0.0176
0.02806
0.00182
-0.03408
-0.05583
-0.05697
0.04129
0.00422
-0.08156
-0.07084
-0.03285
0.05102
0.05906
0.01971
-0.01262
-0.02536
-0.02739
-0.01045
-0.00321
-0.03984
-0.0115
-0.03889
0.00551
0.0241
0.02837
0.09816
0.09491
0.04053
-0.0184
-0.01656
0.00697
0.05039
0.07985
0.08733
0.03849
0.03634
0.00707
0.031
0.10756
0.16573
0.14542
0.14375
0.1606
0.13221
0.08675
0.06503
0.02488
0.00157
0.0202
-0.03058
-0.07669
-0.08013
-0.07517
-0.09925
-0.05707
-0.03428
0.00449
-0.00531
-0.03002
-0.01483
-0.03734
-0.04324
-0.0388
-0.08677
-0.08111
-0.09166
-0.0999
-0.03588
-0.03143
-0.00766
0.02424
0.05532
0.02248
0.01927
-0.00044
-0.06546
-0.0796
-0.07618
-0.05795
-0.01534
-0.03924
-0.03002
-0.07656
-0.11223
-0.04429
0.02186
0.01635
-0.00701
-0.02281
-0.05212
-0.06648
-0.05821
-0.00647
0.00441
-0.00296
-0.02881
-0.04218
-0.04522
-0.06208
-0.13504
-0.16765
-0.14087
-0.06728
-0.0197
0.02789
0.02404
0.00611
0.01444
0.01476
-0.03921
-0.07151
-0.08816
-0.08779
-0.02872
0.01886
-0.06444
-0.06832
0.01343
0.03034
0.0669
0.04851
0.01156
-0.03162
-0.06898
-0.04184
-0.02657
0.02012
0.00106
-0.05838
-0.07387
-0.02878
-0.00722
-0.00597
0.01548
-0.0191
-0.02119
0.01768
-0.02978
-0.02347
-0.01496
-0.02526
-0.02449
-0.00039
0.00544
0.02689
-0.0263
-0.07422
-0.06258
-0.03625
0.00861
0.00882
-0.00973
-0.03992
0.017
0.07718
0.08923
0.04687
0.05527
0.07758
0.08278
0.0936
0.08669
0.0372
0.02091
0.04421
0.07797
0.04049
-0.00679
-0.00821
-0.02024
0.01794
0.03593
0.02634
-0.02334
-0.0515
0.01031
0.02899
0.09985
0.12042
0.11057
0.12683
0.11247
0.08275
0.06259
0.01468
0.0017
0.07586
0.07555
0.04176
0.01699
-0.03156
-0.07791
-0.05896
-0.01896
-0.02491
-0.07206
-0.07309
-0.0577
-0.03828
-0.02269
-0.0468
-0.07943
-0.0347
-0.0489
-0.08295
-0.0796
-0.08669
-0.09109
-0.09747
-0.07282
-0.06387
-0.08636
-0.12046
-0.11444
-0.08053
-0.05212
-0.05967
-0.04784
-0.0287
0.03988
0.08288
0.1099
0.10156
0.07463
0.10826
0.11394
0.10847
0.09798
0.0757
0.08316
0.02182
-0.00045
-0.04302
-0.01015
0.0306
0.0375
0.00719
-0.00598
0.03008
0.07974
0.04467
0.01763
0.02195
-0.00646
-0.02042
0.01058
-0.00226
-0.03664
-0.00906
-0.01476
0.03333
0.06077
0.07837
0.06838
0.03881
0.00795
0.01801
-0.02142
-0.02848
-0.03279
-0.00803
-0.02934
-0.04478
-0.03142
0.02059
0.00404
-0.00848
-0.0285
-0.06776
-0.02976
-0.001
-0.02503
-0.00639
-0.00355
0.01906
-0.00268
-0.04016
-0.09092
-0.0798
0.00413
0.02786
0.01896
-0.02158
0.01156
0.07058
0.11771
0.10761
0.07783
0.05994
0.06077
0.06697
0.07201
0.08682
0.07851
0.06421
0.03138
0.00661
-0.00376
0.00954
0.03544
0.04424
-0.00069
-0.01407
0.02627
0.01292
0.00988
-0.0456
0.01061
0.03128
0.03809
0.02781
0.04365
0.05178
0.07135
0.06657
-0.01704
-0.03244
-0.04575
-0.06004
-0.06749
-0.06769
-0.05016
-0.09399
-0.09713
-0.12419
-0.13309
-0.08251
-0.03884
-0.00847
0.00325
0.02032
0.04367
0.04408
0.02958
0.02616
0.05255
0.01621
-0.02233
0.00206
0.02134
-0.00006
0.01826
-0.03792
-0.02827
-0.0363
-0.04136
-0.04761
-0.0277
0.03953
0.01054
-0.04027
-0.03634
-0.0143
0.03596
0.05561
0.04908
0.08056
0.03027
-0.01462
-0.0395
-0.0523
0.00629
-0.01447
-0.02676
-0.0087
0.00307
-0.03345
-0.04527
-0.05897
-0.01878
-0.02657
-0.10322
-0.10144
-0.06211
-0.03446
-0.01208
-0.02
-0.0286
-0.00255
0.0087
0.00881
0.04262
-0.0204
-0.0721
-0.00002
0.026
-0.01751
0.02578
0.02827
-0.02596
-0.03584
0.01758
-0.02009
-0.04911
-0.03788
-0.02564
-0.05897
-0.05009
-0.01197
-0.00008
0.00175
-0.00907
-0.01979
-0.03983
-0.02322
-0.05051
-0.06346
-0.01442
-0.00227
0.0164
0.02401
0.04513
0.01691
0.04114
0.04899
0.04544
-0.00833
0.00672
0.01659
0.04637
0.07505
0.07332
0.05287
0.01485
-0.0067
0.00555
-0.01205
-0.01629
-0.03817
-0.04228
-0.02166
0.00048
0.00192
-0.0023
0.03375
0.06014
0.07897
0.06309
0.03847
0.01981
0.02668
0.02169
0.04502
0.07734
0.06242
0.02775
-0.01258
-0.03807
-0.01064
0.01113
-0.01207
-0.01532
0.00032
-0.00791
0.0164
0.01309
-0.00023
0.03076
-0.00401
-0.02357
-0.01783
0.02302
0.02618
0.01834
0.02558
0.01995
0.02284
0.03222
0.04282
0.00423
-0.00533
-0.01408
-0.0023
-0.04365
-0.05024
-0.04001
-0.08741
-0.08868
-0.08794
-0.06483
-0.06172
-0.05735
-0.05661
-0.07665
-0.05061
-0.03453
-0.02862
0.00539
0.01672
0.01151
0.00877
0.07449
0.07291
0.02638
-0.00408
-0.03496
-0.01685
0.01341
0.05171
0.04897
0.04232
0.04968
0.08184
0.07925
0.03886
0.00626
-0.00406
0.00282
0.02951
0.04369
0.01925
0.0144
-0.014
-0.04833
-0.05102
-0.06916
-0.07292
-0.07366
-0.09727
-0.09196
-0.04588
-0.04363
-0.03405
-0.04749
-0.04773
-0.05151
-0.02076
-0.02473
-0.04145
-0.02425
-0.018
-0.00861
0.02091
0.02566
0.01307
0.0079
-0.0218
-0.014
-0.03603
-0.05486
-0.04777
-0.05856
-0.02224
-0.0039
-0.03396
-0.04987
-0.00487
0.00795
0.00422
-0.0097
0.01741
0.04046
0.05405
0.0797
0.0818
0.05243
0.02906
-0.01017
-0.04343
-0.03325
-0.02756
-0.01701
0.01286
0.02639
0.0581
0.0792
0.084
0.08839
0.08456
0.09939
0.06144
0.03576
0.04288
0.10802
0.13792
0.11419
0.08355
0.05981
0.02424
0.02543
0.03068
0.00951
-0.00871
-0.00558
-0.00661
0.00792
-0.00035
-0.01624
0.00355
0.04652
0.05993
0.06601
0.05408
0.02132
0.01617
0.04551
0.02185
0.0259
0.04112
0.03548
0.01711
0.0042
-0.04125
-0.06379
-0.01659
-0.01337
-0.03327
-0.03446
-0.02584
-0.00898
0.00989
0.01897
-0.00568
-0.01364
0.00944
0.00719
-0.01181
0.00549
-0.00619
-0.02572
-0.0589
-0.06983
-0.06782
-0.05239
-0.04707
-0.03898
-0.03846
-0.00102
0.03347
0.0425
0.01405
0.06086
0.08859
0.04318
0.01757
0.02288
0.0526
0.04674
0.02892
0.03569
0.03568
0.02653
0.02438
0.03089
0.02917
0.04443
0.05426
0.01179
0.01328
0.00292
-0.00314
-0.00914
-0.01577
-0.02508
-0.02482
-0.00721
0.00141
-0.01786
-0.01331
-0.00962
0.02023
-0.00629
-0.02956
-0.05129
-0.04836
-0.04856
-0.03996
-0.01931
-0.00933
-0.01651
-0.01151
-0.00636
0.01629
0.00188
0.00561
-0.00121
0.00789
0.03647
0.0339
0.02037
0.02568
0.02237
0.01706
0.04284
0.0177
-0.00179
-0.00098
0.00709
0.03093
0.04075
0.04931
0.0335
0.0152
0.04008
0.03588
0.02205
0.00935
0.01344
-0.00311
0.01938
0.02775
0.01366
0.01487
0.00389
-0.0153
-0.03383
-0.0416
-0.04141
-0.02721
-0.01676
-0.01808
-0.01261
-0.00589
-0.00912
0.00772
0.00358
-0.00115
0.00659
0.00473
0.01439
0.01289
0.02083
0.04339
0.04003
0.0158
0.01885
0.03747
0.05388
0.01179
-0.00372
-0.01462
-0.01085
-0.0269
-0.02675
-0.06116
-0.08316
-0.07193
-0.06519
-0.04691
-0.04697
-0.04969
-0.08317
-0.11299
-0.1277
-0.12599
-0.10816
-0.08286
-0.05774
-0.05139
-0.0474
-0.05256
-0.03803
-0.01736
-0.02286
-0.04359
-0.00947
0.00836
0.01307
0.01786
0.00642
0.00447
-0.00876
-0.01895
-0.04187
-0.03221
-0.01663
-0.0111
0.00112
0.00576
0.02006
-0.00166
0.00782
0.00625
0.01704
0.01943
0.01157
0.00757
-0.01501
-0.00416
-0.01141
-0.01172
-0.01684
-0.03348
-0.04644
-0.05351
-0.05903
-0.05347
-0.02814
-0.01622
-0.00584
-0.01069
-0.03037
-0.04466
-0.056
-0.03125
-0.01923
-0.02748
-0.01629
-0.01913
-0.02153
0.01474
0.02893
0.02306
0.00578
-0.00069
0.00384
0.00616
0.00559
-0.00352
0.0056
-0.00692
0.00696
0.01443
0.00507
-0.01412
0.0132
0.04941
0.05687
0.06186
0.06245
0.05557
0.05181
0.04357
0.02493
0.02136
0.04082
0.05805
0.04333
0.05201
0.03882
0.00635
-0.01279
-0.04373
-0.02708
-0.01446
-0.01752
-0.02058
-0.02248
-0.01701
-0.01744
-0.04985
-0.03773
-0.05703
-0.05212
-0.03405
-0.04081
-0.0385
-0.06696
-0.06973
-0.06805
-0.05869
-0.0652
-0.06908
-0.04399
-0.02361
-0.01857
-0.0089
-0.01434
-0.00746
-0.00236
-0.0224
-0.02304
-0.01304
0.02014
0.02917
0.01801
0.01179
-0.00106
-0.00043
-0.00564
-0.00734
0.00506
-0.01178
-0.00025
0.0253
0.02113
0.0341
0.04585
0.02278
0.00829
0.02744
0.03771
0.0552
0.05233
0.06024
0.04154
0.02836
0.03424
0.02571
0.01802
0.01091
0.00312
0.0145
0.01928
0.01016
0.01964
0.00915
0.00674
0.01658
0.0282
0.03719
0.03145
0.03119
0.02816
0.02288
0.01773
0.00385
-0.00566
-0.02066
-0.00285
-0.00236
0.00576
0.01772
0.01164
-0.00419
-0.01576
-0.01859
-0.0183
-0.02309
-0.0189
0.00251
-0.00628
-0.01989
-0.03923
-0.02789
-0.00217
-0.01742
-0.02797
-0.03379
-0.03206
-0.00083
0.00671
0.00292
0.01226
0.015
0.00271
0.00278
0.01253
0.00196
0.00998
0.03238
0.02804
0.02913
0.02236
0.02423
0.04074
0.04623
0.05227
0.0721
0.05256
0.03463
0.0405
0.03759
0.05743
0.06258
0.0502
0.0316
0.0312
0.033
0.02576
0.00116
0.00054
0.03683
0.03132
0.04318
0.05699
0.04429
0.03591
0.02938
0.01049
0.00231
0.00912
0.02645
0.02894
0.03599
0.02709
0.01222
0.02262
0.00765
0.0103
0.01724
0.00629
0.00459
-0.00304
-0.01451
-0.0131
-0.01503
-0.01866
-0.02019
-0.01232
-0.02402
-0.02871
-0.02388
-0.02857
-0.02489
-0.00689
-0.0043
0.01004
0.01271
0.00771
-0.00186
0.01641
0.00302
-0.00492
-0.01314
-0.02245
-0.02817
-0.02531
-0.01518
0.01003
0.0076
-0.00049
0.00347
0.01964
0.0227
0.02337
0.02313
0.01532
0.00741
0.004
0.00742
0.00591
0.0087
0.00819
0.00273
0.00699
0.02336
0.01104
-0.02126
-0.02543
-0.00652
-0.00506
0.02851
0.03912
0.02832
0.01294
0.01382
-0.00109
-0.02015
-0.02167
-0.00475
-0.00113
0.00693
0.00387
-0.00751
-0.00342
-0.00629
-0.01699
-0.0357
-0.02688
-0.01208
-0.01826
-0.00472
-0.00912
-0.02621
-0.0091
-0.00212
-0.00182
0.0141
0.03378
0.01015
0.00142
0.00419
-0.00062
-0.01309
-0.02025
-0.01758
-0.02301
-0.01162
-0.0063
-0.03245
-0.03083
-0.01365
-0.00417
-0.00313
-0.00235
-0.01262
-0.02335
-0.02766
-0.01681
-0.02244
-0.03626
-0.02374
-0.02171
-0.0211
-0.0266
-0.01711
-0.01294
-0.0148
-0.00405
0.01386
0.01441
0.04027
0.04399
0.03982
0.03677
0.02349
0.01035
0.00912
0.01277
0.02002
0.01129
-0.00292
-0.00459
-0.01098
-0.01774
-0.01118
0.00741
-0.00357
-0.01457
-0.02714
-0.03518
-0.02755
-0.02375
-0.0074
0.00779
0.00673
0.00344
-0.00252
-0.00024
-0.00535
-0.01359
-0.00996
-0.01961
-0.02643
-0.02146
-0.0092
-0.01262
-0.01183
0.01052
0.01448
0.01634
0.017
0.01481
0.01376
-0.0019
0.00871
0.00573
0.00905
0.01303
0.01285
-0.00489
-0.01154
0.00011
-0.00162
-0.00612
-0.02092
-0.02212
-0.00441
0.00777
-0.00508
-0.00496
0.01314
0.01697
0.00924
0.01769
0.00515
-0.01245
-0.02137
-0.00751
0.00574
0.00325
0.00777
0.00107
-0.0068
-0.01653
0.00176
0.01027
0.01295
0.00981
0.01304
-0.00173
-0.00337
-0.00309
-0.00941
0.00809
0.00349
-0.01836
-0.0274
-0.02968
-0.03067
-0.03434
-0.03826
-0.03178
-0.01244
-0.01483
-0.02163
-0.02819
-0.03064
-0.03712
-0.01995
-0.01563
-0.01564
-0.01932
-0.02643
-0.00449
0.00341
0.02029
0.01249
-0.00254
-0.0009
-0.00682
-0.00088
0.00584
0.03093
0.04421
0.04404
0.02569
0.02369
0.01821
0.01008
0.01104
0.02157
0.01841
0.02099
-0.00246
-0.02461
-0.01249
-0.00719
-0.01964
-0.02864
-0.0206
-0.02403
-0.03699
-0.02372
-0.02534
-0.00946
-0.00009
-0.01151
-0.02236
-0.01153
0.00084
-0.00712
-0.00855
-0.01874
-0.01504
-0.01685
-0.02246
-0.01894
-0.00842
0.0084
0.00306
-0.01347
-0.01163
0.00101
0.00511
0.00114
-0.00542
-0.01497
-0.0146
-0.016
-0.01273
-0.00802
-0.00272
-0.00351
0.00313
-0.00392
-0.00984
0.00134
0.01454
0.00536
-0.00728
-0.01076
0.00377
0.03545
0.04076
0.03805
0.00996
0.0016
0.02286
0.04507
0.04922
0.03497
0.01283
0.00808
0.02266
0.01796
0.00484
-0.00341
-0.00901
-0.00134
-0.00011
0.00177
0.00292
-0.00675
-0.00811
-0.0098
-0.01045
-0.01221
-0.00329
-0.00516
-0.00061
0.00207
0.00095
-0.00707
-0.02426
-0.02498
-0.03013
-0.02924
-0.01981
-0.01406
-0.01842
-0.00455
0.01062
0.01733
0.01734
0.01045
0.00991
0.00613
0.02056
0.03267
0.02069
0.01045
0.00679
0.00832
0.00606
0.005
-0.00014
-0.00752
-0.00082
-0.00558
-0.0021
0.00328
0.00934
0.00162
0.00051
0.00857
0.00277
-0.00666
-0.01014
-0.0117
0.00295
0.00204
0.01012
0.01217
0.01227
0.01704
0.0156
0.02236
0.02211
0.02128
0.03447
0.02444
0.00713
0.01875
0.01708
0.00964
0.00383
0.01087
0.00656
-0.00322
0.00155
-0.00126
0.00747
0.01661
0.02214
0.02083
0.01468
0.0092
0.00993
0.00016
0.00461
0.0118
0.00826
0.01131
0.0021
-0.00053
-0.00922
-0.01001
-0.00389
-0.01016
-0.01247
-0.01212
-0.01337
-0.00748
-0.00144
0.00247
0.00599
0.01087
0.00681
0.00742
0.00896
0.00152
-0.00025
0.006
0.00748
-0.00289
-0.004
-0.00793
-0.00874
-0.00629
-0.01003
-0.01093
-0.01243
0.00841
0.02446
0.02962
0.02545
0.01669
0.01778
0.01764
0.01593
0.00415
0.00028
-0.00347
-0.00451
-0.01091
-0.00636
-0.00502
-0.02189
-0.02359
-0.03199
-0.02626
-0.01312
-0.00619
0.00465
0.00908
0.00671
-0.00032
-0.0059
-0.00072
-0.00315
-0.005
-0.00246
0.00274
0.00036
0.00111
-0.00646
-0.01042
-0.00624
0.00008
-0.00173
-0.00633
-0.00906
-0.00431
0.0056
0.00516
-0.00319
-0.00234
0.00018
-0.00101
-0.00099
0.00874
0.01232
0.00214
0.00349
0.00753
0.01708
0.0244
0.01345
0.00612
0.00238
-0.00178
-0.00046
-0.00372
-0.00161
-0.00559
-0.00464
-0.00785
-0.00818
-0.00691
-0.00911
-0.01324
-0.00516
-0.00244
-0.00439
-0.00785
0.00115
-0.00301
-0.00469
-0.00156
0.00356
0.00791
0.00609
0.00384
0.00779
0.00594
0.00144
0.00107
0.00687
0.00598
0.0023
0.00673
0.00545
0.0019
-0.00566
-0.01316
-0.00965
-0.01214
-0.0113
-0.01143
-0.00681
0.00395
0.0067
0.00265
-0.00914
-0.01089
-0.01262
-0.02097
-0.03088
-0.02733
-0.02585
-0.01933
-0.01537
-0.02243
-0.02436
-0.01223
-0.01088
-0.006
0.00007
-0.00317
-0.00579
-0.00575
-0.00684
-0.00102
-0.00141
0.00601
0.01179
0.01646
0.01401
0.01405
0.01079
0.00963
0.01593
0.01864
0.01519
0.01027
0.00492
0.0101
0.01274
0.00768
0.00727
0.0107
-0.00056
-0.00222
0.00687
0.00997
0.02163
0.02104
0.00971
0.00361
0.00439
0.00839
0.00455
0.00271
0.00086
0.01126
0.01523
0.00888
0.00035
-0.00099
-0.00478
-0.00611
-0.00411
0.00509
0.01268
0.01073
0.00492
0.00553
0.00059
0.00371
-0.0021
-0.00361
-0.00285
0.00118
0.00364
-0.00089
-0.0083
-0.00508
0.00426
0.00527
0.00021
-0.00219
0.00019
-0.00019
0.01194
0.01047
0.00113
0.00186
0.00677
0.00764
0.0076
0.01267
0.0111
0.0106
0
-0.00613
0.00154
0.01212
0.01025
0.0162
0.01244
0.00989
0.00848
0.00586
-0.00193
-0.00451
-0.00124
-0.00438
-0.0025
0.00398
-0.00155
-0.00335
-0.00896
-0.0091
-0.0054
-0.01084
-0.00774
-0.0022
0.00082
0.00341
-0.00316
0.00084
-0.00133
0.00319
0.00525
0.00319
-0.00501
-0.00554
-0.00671
-0.01389
-0.01358
-0.01409
-0.0167
-0.01245
-0.00692
-0.00632
-0.00816
-0.00738
-0.00493
0.00293
0.00705
0.00449
0.00112
0.0014
0.00145
0.00848
0.00672
-0.00278
-0.00459
0.00196
-0.00269
-0.00611
-0.01264
-0.01734
-0.01154
-0.00346
-0.00225
-0.00447
-0.00818
-0.01083
-0.01079
-0.00352
0.0009
-0.00129
-0.00437
-0.00065
-0.00122
-0.00665
-0.00796
-0.00965
-0.00501
-0.00294
0.00166
0.00247
0.00138
-0.00661
-0.00772
-0.00311
0.00221
0.00913
0.00138
-0.00811
-0.01148
-0.0138
-0.00813
-0.00539
-0.00225
-0.00032
-0.01099
-0.02257
-0.01895
-0.01508
-0.01213
-0.00938
-0.0119
-0.02076
-0.0178
-0.01055
-0.01466
-0.00943
-0.01205
-0.01338
-0.00739
0.00112
0.00246
-0.00043
0.00352
0.00038
-0.00514
-0.00259
-0.0036
-0.00726
-0.00272
-0.00247
-0.01075
-0.01418
-0.00752
-0.01047
-0.01442
-0.0137
-0.00317
-0.0001
0.00009
0.0022
-0.00146
0.00002
0.00641
0.00317
-0.00512
-0.00354
-0.00508
-0.00378
0.0047
0.01151
0.00858
0.00639
0.00491
0.0042
0.00378
0.0075
0.01351
0.01579
0.01685
0.01233
0.01048
0.0076
0.00873
0.002
0.00252
0.00117
-0.00099
-0.00088
0.00159
0.00481
0.0044
-0.00107
0.00068
-0.00262
-0.00543
-0.00485
-0.00911
-0.01401
-0.01269
-0.01475
-0.01945
-0.01641
-0.01476
-0.01343
-0.01202
-0.00435
0.00015
-0.00092
-0.00024
0.00452
0.00509
0.00401
0.00626
0.00628
0.00076
-0.00165
0.00137
-0.00101
-0.00114
-0.00102
-0.00183
0.00167
0.01184
0.01325
0.00705
0.00577
0.01218
0.01291
0.01098
0.01027
0.01093
0.01278
0.01616
0.01978
0.01685
0.01693
0.0128
0.01404
0.00828
0.00721
0.00648
0.00316
0.00218
0.00472
0.00828
0.0115
0.00979
0.00573
-0.00242
0.00157
0.00005
-0.00142
-0.00172
-0.00058
-0.00124
0.0059
0.00155
-0.00313
-0.00676
-0.00809
-0.01171
-0.00629
-0.00362
-0.0081
-0.00446
-0.00324
-0.00486
-0.00664
-0.0072
-0.00175
0.00148
-0.00095
-0.00123
-0.00229
-0.00314
-0.0003
0.00761
0.00804
0.01111
0.0084
0.00561
0.00401
0.00358
0.00413
0.00201
0.00096
0.00207
-0.0039
-0.0023
0.00357
0.00487
0.005
0.00557
0.00424
0.01164
0.0116
0.01213
0.01037
0.00967
0.00928
0.00254
0.00534
0.00428
0.00498
0.00495
0.00224
0.00146
0.00306
0.00261
-0.002
-0.00483
-0.0047
-0.00025
0.00201
0.00199
-0.0029
-0.00518
-0.00407
-0.00807
-0.00746
-0.00569
-0.0085
-0.01126
-0.00868
-0.00583
-0.00976
-0.00518
0.00464
0.00654
0.00257
0.00401
0.00348
0.00087
-0.00166
0.00173
0.00191
-0.00026
-0.00332
-0.00256
0.00048
0.00792
0.00802
0.00809
0.00635
0.00535
0.00704
0.00355
0.00173
-0.00337
-0.00169
0.002
0.00283
-0.00091
-0.00302
-0.00309
0.00016
0.00224
0.00192
0.00072
0.00322
0.00348
0.00481
0.00458
-0.00261
-0.00568
-0.00618
-0.01346
-0.01268
-0.00798
-0.00685
-0.00742
-0.00465
-0.00318
0.00049
-0.00112
-0.00127
-0.00125
-0.00229
0.00146
-0.00034
-0.00107
-0.00096
-0.00674
-0.00629
-0.00789
-0.00835
-0.00884
-0.00703
-0.00469
-0.00386
-0.00511
-0.00393
-0.00387
-0.00466
-0.00871
-0.00719
-0.00494
-0.00607
-0.00829
-0.00715
-0.00472
-0.00948
-0.01091
-0.00931
-0.00687
-0.00117
0.00053
0.00014
0.00086
0.00247
0.00256
0.00168
0.00429
0.0038
-0.00047
0.00343
0.00581
0.00511
0.0066
0.00702
0.00103
0.00065
0.00453
0.00765
0.00706
0.00468
-0.00029
-0.00059
-0.00197
-0.00359
-0.0057
-0.00645
-0.00324
-0.00561
-0.00631
-0.00654
-0.00142
0.00373
0.00279
0.00094
-0.00115
-0.00253
-0.00193
-0.0011
-0.00242
-0.00218
-0.00321
-0.00325
-0.00427
-0.00553
-0.009
-0.00996
-0.00872
-0.00371
-0.00103
-0.00205
-0.00204
-0.00257
-0.00239
-0.00382
-0.00153
-0.00071
-0.00551
-0.00655
-0.00253
-0.0008
0.00017
0.00261
0.00607
0.00716
0.00922
0.01157
0.01071
0.00967
0.00934
0.01107
0.00881
0.0089
0.00757
0.00707
0.0086
0.01201
0.00698
0.00068
-0.00011
0.00106
0.00033
0.00447
0.00514
0.00325